3988199.000000	5231200.000000	31989.000000	72049.000000	
2631330.000000	2721574.000000	69757.000000	161826.000000	
5373634.000000	5740835.000000	88631.000000	108508.000000	
1721990.000000	3156960.000000	161503.000000	189238.000000	
5258790.000000	5372962.000000	68831.000000	191269.000000	
90947.000000	2569216.000000	132818.000000	148028.000000	
2664193.000000	4316325.000000	46400.000000	50615.000000	
2412967.000000	4465413.000000	35524.000000	50838.000000	
1939942.000000	4845093.000000	115570.000000	122023.000000	
3327233.000000	4545733.000000	118558.000000	135738.000000	
1442945.000000	3830535.000000	132690.000000	149435.000000	
1426434.000000	2181477.000000	138664.000000	152028.000000	
1892230.000000	3931557.000000	122321.000000	127023.000000	
1311751.000000	3548545.000000	3980.000000	25302.000000	
1712933.000000	4848614.000000	86010.000000	88853.000000	
1857408.000000	3778080.000000	192770.000000	196257.000000	
3600195.000000	5873575.000000	72878.000000	95638.000000	
1173858.000000	3485733.000000	140395.000000	159065.000000	
1894084.000000	3973189.000000	126210.000000	137051.000000	
4605894.000000	5537829.000000	128183.000000	174771.000000	
301444.000000	4468037.000000	63206.000000	65290.000000	
3526176.000000	5070630.000000	32090.000000	46964.000000	
3548837.000000	4128132.000000	67808.000000	160004.000000	
333319.000000	3377473.000000	163549.000000	181675.000000	
3394854.000000	5791236.000000	69232.000000	81436.000000	
3189287.000000	3858055.000000	127263.000000	153457.000000	
2920420.000000	3694720.000000	91758.000000	142829.000000	
1284068.000000	4550438.000000	107072.000000	114167.000000	
439301.000000	750917.000000	28041.000000	77722.000000	
2841031.000000	3212003.000000	76052.000000	170999.000000	
1325890.000000	1714438.000000	15150.000000	80779.000000	
1562176.000000	5622980.000000	79694.000000	91595.000000	
2233382.000000	2667590.000000	170588.000000	192202.000000	
4328707.000000	4540836.000000	62801.000000	165312.000000	
4640673.000000	4823076.000000	213.000000	191624.000000	
526663.000000	5730786.000000	110722.000000	122018.000000	
1967142.000000	2920800.000000	135782.000000	182758.000000	
1608838.000000	4485762.000000	141526.000000	146316.000000	
1503142.000000	2859427.000000	170490.000000	187113.000000	
634049.000000	4498051.000000	169713.000000	181930.000000	
186310.000000	512132.000000	40763.000000	144929.000000	
2306016.000000	3897863.000000	144869.000000	171270.000000	
906691.000000	5826438.000000	124215.000000	127604.000000	
1596259.000000	1756961.000000	80375.000000	147558.000000	
3267201.000000	5745831.000000	11432.000000	35395.000000	
1633667.000000	2115043.000000	97416.000000	138878.000000	
1982432.000000	3362149.000000	146875.000000	179261.000000	
3785027.000000	4486273.000000	24188.000000	88744.000000	
1781216.000000	4004416.000000	97470.000000	118094.000000	
62503.000000	677379.000000	38396.000000	55901.000000	
1271331.000000	1314340.000000	7452.000000	147119.000000	
4899429.000000	5601091.000000	114671.000000	198686.000000	
1346688.000000	5382211.000000	150729.000000	155439.000000	
2006694.000000	3056420.000000	114814.000000	134409.000000	
941156.000000	1255776.000000	72138.000000	133760.000000	
350053.000000	504645.000000	94682.000000	147362.000000	
877216.000000	1562050.000000	24059.000000	53222.000000	
657889.000000	4500960.000000	154326.000000	161743.000000	
1394021.000000	3990913.000000	151983.000000	173175.000000	
2206790.000000	3062784.000000	154838.000000	165271.000000	
980288.000000	2591779.000000	134692.000000	141384.000000	
612068.000000	2880996.000000	28828.000000	33892.000000	
5280133.000000	5455107.000000	129554.000000	173887.000000	
4223715.000000	4319654.000000	2304.000000	92026.000000	
2193570.000000	4350692.000000	144895.000000	168184.000000	
2964225.000000	3826113.000000	7327.000000	19034.000000	
4170535.000000	5793538.000000	143195.000000	166194.000000	
2016001.000000	2176294.000000	19170.000000	173022.000000	
39558.000000	1751143.000000	18849.000000	49700.000000	
5055331.000000	5445415.000000	15914.000000	161961.000000	
1711172.000000	2815427.000000	55316.000000	94655.000000	
794151.000000	2826240.000000	120378.000000	132209.000000	
3773094.000000	5402497.000000	21874.000000	41410.000000	
404647.000000	1008806.000000	150478.000000	197428.000000	
2931556.000000	3475041.000000	60366.000000	147822.000000	
1066023.000000	2250434.000000	59359.000000	98186.000000	
4231813.000000	4979715.000000	54055.000000	111076.000000	
1045703.000000	2379425.000000	162085.000000	175174.000000	
694757.000000	1540102.000000	125973.000000	161982.000000	
23430.000000	598784.000000	53608.000000	126800.000000	
4229985.000000	4669729.000000	42086.000000	98340.000000	
517536.000000	982565.000000	24964.000000	43132.000000	
3527814.000000	3891204.000000	130950.000000	147452.000000	
2286211.000000	3054533.000000	45271.000000	69381.000000	
1795649.000000	1936102.000000	13527.000000	124296.000000	
3873441.000000	4575398.000000	78120.000000	144940.000000	
2458499.000000	3167302.000000	60061.000000	138018.000000	
3958691.000000	4175557.000000	11325.000000	153291.000000	
3822694.000000	4439109.000000	73461.000000	151637.000000	
2584932.000000	2989636.000000	36019.000000	157600.000000	
774050.000000	1326658.000000	67254.000000	92995.000000	
2931942.000000	3097506.000000	82995.000000	162020.000000	
817056.000000	3035203.000000	1955.000000	10504.000000	
4374759.000000	4880486.000000	79128.000000	175937.000000	
1026247.000000	1063776.000000	3400.000000	166528.000000	
1112676.000000	1546951.000000	109359.000000	180074.000000	
3567714.000000	3976742.000000	16689.000000	94083.000000	
4094407.000000	4955680.000000	90814.000000	105518.000000	
2460450.000000	2936224.000000	4111.000000	116195.000000	
411745.000000	4036226.000000	114652.000000	123434.000000	
3055104.000000	5338754.000000	45915.000000	56983.000000	
2222086.000000	2675972.000000	66161.000000	113118.000000	
1620131.000000	2271620.000000	54173.000000	82016.000000	
3919328.000000	4446497.000000	165136.000000	179468.000000	
1381958.000000	4868832.000000	84202.000000	87645.000000	
4308486.000000	4464097.000000	6765.000000	125598.000000	
2506628.000000	4496070.000000	29410.000000	56269.000000	
3971232.000000	4264579.000000	55258.000000	163097.000000	
3847299.000000	5815683.000000	103423.000000	116536.000000	
1708000.000000	4350627.000000	31829.000000	38855.000000	
395300.000000	851333.000000	26811.000000	96710.000000	
2267584.000000	4561250.000000	134722.000000	145277.000000	
28481.000000	440102.000000	144133.000000	171967.000000	
1510531.000000	2337348.000000	97587.000000	105788.000000	
4212773.000000	4545959.000000	147268.000000	184701.000000	
2751877.000000	3315174.000000	165788.000000	192955.000000	
5246438.000000	5580161.000000	68529.000000	115613.000000	
3270278.000000	4037635.000000	144921.000000	176973.000000	
3913985.000000	4738275.000000	45214.000000	112407.000000	
1497443.000000	2315361.000000	45668.000000	93525.000000	
4763106.000000	5091207.000000	107792.000000	150021.000000	
3387271.000000	5978855.000000	159607.000000	162411.000000	
1521987.000000	5877984.000000	3567.000000	10998.000000	
855140.000000	1030177.000000	139820.000000	195485.000000	
4236323.000000	4560742.000000	26933.000000	45733.000000	
1749092.000000	2736035.000000	114167.000000	128066.000000	
5162502.000000	5478050.000000	79417.000000	176480.000000	
2586497.000000	3572549.000000	157055.000000	180817.000000	
977123.000000	1666048.000000	42533.000000	108005.000000	
2866402.000000	4313604.000000	142476.000000	172410.000000	
2675719.000000	3777607.000000	39559.000000	90803.000000	
3422529.000000	5709447.000000	134578.000000	140773.000000	
2583655.000000	2930178.000000	37592.000000	153202.000000	
579140.000000	743138.000000	27871.000000	80804.000000	
3452644.000000	4607235.000000	6776.000000	12378.000000	
5229188.000000	5648738.000000	133455.000000	195613.000000	
1461669.000000	4875139.000000	91484.000000	96312.000000	
1952965.000000	4110851.000000	136848.000000	161541.000000	
1370949.000000	3741383.000000	110280.000000	131161.000000	
3019490.000000	3378561.000000	133648.000000	171859.000000	
421892.000000	2936480.000000	97094.000000	109470.000000	
203238.000000	1310661.000000	142016.000000	186283.000000	
2230372.000000	4958208.000000	152787.000000	174423.000000	
457601.000000	5405185.000000	129046.000000	131270.000000	
985351.000000	1498883.000000	20832.000000	87144.000000	
1106529.000000	2285927.000000	122248.000000	164838.000000	
2368359.000000	2648422.000000	30625.000000	184018.000000	
3557317.000000	4109537.000000	25726.000000	65887.000000	
1454087.000000	2389606.000000	94676.000000	106624.000000	
4687138.000000	5068070.000000	91039.000000	197457.000000	
2681059.000000	3432390.000000	78644.000000	144488.000000	
2632836.000000	3450337.000000	55692.000000	76614.000000	
3622823.000000	4379591.000000	31161.000000	83478.000000	
620774.000000	2223650.000000	160021.000000	179560.000000	
2419782.000000	4438752.000000	3007.000000	22546.000000	
2830567.000000	5289664.000000	135536.000000	144819.000000	
1160838.000000	1440934.000000	108092.000000	187432.000000	
680192.000000	926244.000000	14435.000000	166661.000000	
736577.000000	1044000.000000	45528.000000	118457.000000	
5710626.000000	5976064.000000	113974.000000	178266.000000	
857219.000000	1197157.000000	64405.000000	141746.000000	
2717991.000000	3459266.000000	71486.000000	102484.000000	
3789312.000000	3967685.000000	14059.000000	93802.000000	
701350.000000	1231718.000000	12190.000000	64201.000000	
4454592.000000	5237062.000000	152667.000000	160964.000000	
1340870.000000	1489859.000000	27956.000000	169308.000000	
163779.000000	1156485.000000	72036.000000	95708.000000	
3171556.000000	4441157.000000	90419.000000	116435.000000	
4221795.000000	4993670.000000	30183.000000	44576.000000	
2452672.000000	2767011.000000	67716.000000	194790.000000	
518912.000000	4900646.000000	109690.000000	120661.000000	
4543426.000000	4961952.000000	54664.000000	161459.000000	
368067.000000	4133703.000000	25857.000000	41476.000000	
3857125.000000	4865857.000000	35536.000000	54977.000000	
417414.000000	1094944.000000	94774.000000	143749.000000	
4937798.000000	5126631.000000	15210.000000	122761.000000	
1201927.000000	1307876.000000	96610.000000	158882.000000	
5168164.000000	5488676.000000	87030.000000	155607.000000	
225728.000000	1493927.000000	108061.000000	142338.000000	
431367.000000	5359205.000000	75955.000000	77418.000000	
2300803.000000	2759877.000000	113501.000000	171527.000000	
2332871.000000	2704928.000000	96663.000000	176448.000000	
1105569.000000	1365793.000000	10091.000000	129010.000000	
1452324.000000	3011751.000000	45168.000000	82989.000000	
1805824.000000	2070180.000000	78359.000000	137925.000000	
2231687.000000	5186757.000000	63546.000000	83424.000000	
3284422.000000	4866243.000000	38900.000000	57838.000000	
1135526.000000	3287331.000000	134202.000000	161605.000000	
4752864.000000	5186631.000000	150083.000000	187465.000000	
2231334.000000	2492801.000000	94055.000000	197791.000000	
2776003.000000	3996001.000000	838.000000	24861.000000	
5577345.000000	5732197.000000	36626.000000	142184.000000	
3047716.000000	5067206.000000	23286.000000	36121.000000	
3940933.000000	4280903.000000	13268.000000	129781.000000	
4413733.000000	4947558.000000	69460.000000	161866.000000	
768775.000000	1151814.000000	160180.000000	191746.000000	
557665.000000	2140673.000000	77846.000000	110538.000000	
5599424.000000	5949543.000000	87920.000000	146468.000000	
4624130.000000	5109158.000000	32326.000000	59935.000000	
1250694.000000	2902593.000000	87757.000000	102290.000000	
3078947.000000	5115586.000000	82032.000000	88460.000000	
2520707.000000	3647265.000000	47630.000000	81684.000000	
1429409.000000	3142340.000000	68436.000000	86057.000000	
482020.000000	2784002.000000	16538.000000	34419.000000	
2656066.000000	5071104.000000	167474.000000	171641.000000	
1304421.000000	1775590.000000	47697.000000	134104.000000	
500198.000000	4940515.000000	84098.000000	90456.000000	
2537606.000000	3767137.000000	9416.000000	55802.000000	
487809.000000	1768515.000000	48110.000000	54807.000000	
318695.000000	1436162.000000	30375.000000	59439.000000	
280196.000000	1472801.000000	26020.000000	54047.000000	
4185411.000000	5255106.000000	2692.000000	29226.000000	
4287621.000000	5130119.000000	120603.000000	166338.000000	
277024.000000	2777540.000000	61754.000000	78994.000000	
1199299.000000	2087879.000000	101209.000000	166000.000000	
3203942.000000	3773733.000000	19042.000000	122603.000000	
2479428.000000	2948614.000000	24241.000000	78158.000000	
2290566.000000	3251846.000000	89411.000000	116651.000000	
388931.000000	1582689.000000	3723.000000	48754.000000	
360257.000000	3171974.000000	42872.000000	51432.000000	
1130146.000000	4021094.000000	59865.000000	66592.000000	
425248.000000	1117702.000000	63017.000000	92019.000000	
3773602.000000	4621347.000000	3793.000000	74061.000000	
2908613.000000	3207748.000000	2520.000000	60164.000000	
1949856.000000	4495235.000000	98516.000000	108703.000000	
4096834.000000	4724262.000000	100745.000000	117791.000000	
2237093.000000	4226917.000000	164196.000000	176544.000000	
3210499.000000	3313796.000000	10036.000000	83261.000000	
3379744.000000	4179399.000000	141070.000000	176077.000000	
2532578.000000	4085510.000000	60106.000000	81648.000000	
2842755.000000	3686720.000000	12723.000000	32117.000000	
4639847.000000	5858274.000000	70887.000000	101558.000000	
4753347.000000	4917891.000000	112083.000000	174004.000000	
205185.000000	4382976.000000	49149.000000	59233.000000	
2172802.000000	2419747.000000	96988.000000	133824.000000	
1726754.000000	3981091.000000	50961.000000	75845.000000	
727332.000000	2752802.000000	37122.000000	62177.000000	
4012102.000000	4324134.000000	123107.000000	175863.000000	
360197.000000	2929639.000000	8848.000000	13702.000000	
5030981.000000	5177888.000000	88406.000000	176786.000000	
1987143.000000	4993319.000000	113194.000000	121677.000000	
675169.000000	3866052.000000	152623.000000	158336.000000	
2673632.000000	3906759.000000	57726.000000	103299.000000	
5632096.000000	5857764.000000	17374.000000	153701.000000	
1459494.000000	3001702.000000	27612.000000	56895.000000	
3512324.000000	4258405.000000	75466.000000	144492.000000	
369573.000000	527811.000000	55648.000000	169387.000000	
1453795.000000	5138118.000000	153025.000000	159602.000000	
4728741.000000	5902209.000000	118034.000000	135314.000000	
854464.000000	1296229.000000	21803.000000	114575.000000	
2082149.000000	4668100.000000	14059.000000	17475.000000	
3316196.000000	4168738.000000	64743.000000	98075.000000	
2869543.000000	5398304.000000	164357.000000	173705.000000	
3055942.000000	5634977.000000	60787.000000	66364.000000	
202114.000000	3762336.000000	178103.000000	194317.000000	
3862913.000000	4763137.000000	77510.000000	104032.000000	
4110752.000000	5436960.000000	54396.000000	96805.000000	
3219015.000000	3910626.000000	53472.000000	116707.000000	
2312580.000000	5333986.000000	187441.000000	191116.000000	
3359872.000000	5799332.000000	773.000000	17257.000000	
3583297.000000	5295201.000000	15171.000000	36600.000000	
4575168.000000	4700514.000000	20129.000000	80422.000000	
5154022.000000	5478240.000000	3897.000000	54582.000000	
4840803.000000	5780675.000000	22224.000000	77272.000000	
1822113.000000	3485763.000000	143366.000000	161211.000000	
5637667.000000	5769447.000000	56083.000000	129215.000000	
5505284.000000	5981479.000000	151357.000000	173257.000000	
2828007.000000	3245734.000000	25499.000000	153125.000000	
89479.000000	5196803.000000	193381.000000	199302.000000	
4760677.000000	5234150.000000	75301.000000	129258.000000	
4124289.000000	4593636.000000	37276.000000	123698.000000	
3274021.000000	3685699.000000	18790.000000	140817.000000	
1024678.000000	1104448.000000	23382.000000	184612.000000	
704642.000000	1458626.000000	129582.000000	162551.000000	
3986594.000000	4774080.000000	77671.000000	100552.000000	
1814374.000000	3788899.000000	166862.000000	184233.000000	
4523074.000000	4646273.000000	30335.000000	151099.000000	
2433345.000000	3376739.000000	158172.000000	166440.000000	
4423462.000000	4914244.000000	25807.000000	105771.000000	
401669.000000	1217890.000000	122831.000000	143656.000000	
3081409.000000	5184262.000000	174319.000000	198335.000000	
1269569.000000	1427168.000000	33666.000000	162207.000000	
3366948.000000	4766022.000000	23659.000000	50043.000000	
3774432.000000	4779815.000000	41731.000000	62624.000000	
3345282.000000	4028709.000000	67639.000000	146331.000000	
53095.000000	1679335.000000	34254.000000	65051.000000	
5270560.000000	5364865.000000	24961.000000	96430.000000	
1747008.000000	2804896.000000	68176.000000	111664.000000	
1482658.000000	1985987.000000	70909.000000	125611.000000	
2194688.000000	3097638.000000	109877.000000	132004.000000	
359942.000000	1058215.000000	104730.000000	149354.000000	
3160228.000000	3740934.000000	130929.000000	159750.000000	
3945029.000000	4408038.000000	38998.000000	109423.000000	
3823109.000000	4314176.000000	125072.000000	167448.000000	
3912288.000000	4582117.000000	19233.000000	96468.000000	
1498919.000000	1747334.000000	47028.000000	100365.000000	
2519585.000000	2777570.000000	70441.000000	100513.000000	
3727618.000000	3996551.000000	8932.000000	164113.000000	
1342372.000000	4120451.000000	77278.000000	94310.000000	
2800704.000000	5710624.000000	169595.000000	176896.000000	
5225986.000000	5843911.000000	144859.000000	182508.000000	
692644.000000	2395232.000000	31863.000000	55102.000000	
1438147.000000	5084197.000000	70724.000000	80285.000000	
3064006.000000	5935523.000000	90452.000000	94349.000000	
1330497.000000	1929056.000000	120080.000000	160664.000000	
1425696.000000	1725252.000000	114676.000000	143799.000000	
1190342.000000	4732325.000000	91681.000000	104982.000000	
5579393.000000	5876064.000000	70478.000000	100529.000000	
4225382.000000	4751201.000000	103078.000000	171645.000000	
4905381.000000	5996352.000000	141682.000000	181541.000000	
4220258.000000	5002466.000000	11337.000000	32154.000000	
4008423.000000	4313765.000000	8696.000000	92052.000000	
2978663.000000	3196067.000000	25669.000000	166532.000000	
1516583.000000	2776134.000000	162671.000000	187157.000000	
3799137.000000	4819909.000000	99871.000000	133644.000000	
5061888.000000	5706880.000000	40112.000000	110797.000000	
138854.000000	2624642.000000	50941.000000	59324.000000	
1103200.000000	1577411.000000	54211.000000	141205.000000	
1671559.000000	4865957.000000	81909.000000	96958.000000	
5281184.000000	5833377.000000	50126.000000	68846.000000	
1711970.000000	4460002.000000	138135.000000	153706.000000	
410629.000000	1107522.000000	67656.000000	127399.000000	
256035.000000	1648195.000000	34026.000000	39768.000000	
2431941.000000	2878533.000000	40688.000000	134243.000000	
1634884.000000	2193573.000000	39847.000000	56989.000000	
1239779.000000	3573126.000000	127763.000000	143822.000000	
761347.000000	2579746.000000	116653.000000	147182.000000	
1539522.000000	4691904.000000	14328.000000	31168.000000	
1788931.000000	2048514.000000	60636.000000	107172.000000	
522791.000000	2629538.000000	185179.000000	193632.000000	
4801539.000000	5812997.000000	42447.000000	69624.000000	
5539264.000000	5645635.000000	84412.000000	194172.000000	
2977059.000000	3346596.000000	10505.000000	89324.000000	
959654.000000	1596096.000000	80714.000000	102800.000000	
2642851.000000	5979488.000000	123740.000000	137621.000000	
796134.000000	2794532.000000	72732.000000	86393.000000	
5090818.000000	5251110.000000	145135.000000	188282.000000	
4288775.000000	4839014.000000	26701.000000	113501.000000	
4257029.000000	5736356.000000	122195.000000	145901.000000	
473153.000000	1619137.000000	56142.000000	64186.000000	
1514723.000000	4611328.000000	108406.000000	123345.000000	
278337.000000	3031138.000000	64837.000000	75724.000000	
5663744.000000	5867078.000000	3508.000000	116297.000000	
1769251.000000	3703811.000000	84246.000000	96937.000000	
3716930.000000	3917632.000000	109558.000000	178876.000000	
4928837.000000	5849283.000000	47517.000000	82965.000000	
4345606.000000	5680358.000000	95770.000000	122836.000000	
1352039.000000	1489634.000000	73992.000000	135048.000000	
5541891.000000	5738019.000000	54043.000000	133457.000000	
3703520.000000	5469956.000000	73535.000000	80001.000000	
4302854.000000	4366785.000000	80550.000000	198602.000000	
5728326.000000	5981574.000000	113626.000000	151297.000000	
5771875.000000	5895876.000000	68055.000000	182713.000000	
168583.000000	587271.000000	137885.000000	183516.000000	
2612130.000000	2840001.000000	19719.000000	70933.000000	
4781856.000000	5210567.000000	98659.000000	170959.000000	
253287.000000	2707558.000000	21460.000000	34888.000000	
2654597.000000	4555621.000000	49380.000000	71951.000000	
5600.000000	296548.000000	87125.000000	116046.000000	
1887075.000000	3889410.000000	8616.000000	21438.000000	
2599335.000000	3592064.000000	177459.000000	195826.000000	
3806433.000000	4057671.000000	41705.000000	141822.000000	
2904551.000000	4533252.000000	9360.000000	38330.000000	
4376742.000000	4715267.000000	73262.000000	120387.000000	
4653440.000000	5434689.000000	159.000000	52227.000000	
4617730.000000	5599266.000000	5591.000000	25919.000000	
2086817.000000	2283395.000000	143590.000000	178261.000000	
1937159.000000	2286020.000000	128520.000000	171254.000000	
17378.000000	3310277.000000	38975.000000	55795.000000	
665539.000000	1398208.000000	25126.000000	40464.000000	
1038625.000000	3747174.000000	172028.000000	191915.000000	
4287041.000000	4766980.000000	161113.000000	195873.000000	
5125127.000000	5674789.000000	24412.000000	111898.000000	
940162.000000	4200994.000000	147856.000000	151746.000000	
502467.000000	2769669.000000	105598.000000	126028.000000	
445797.000000	4233860.000000	54179.000000	64453.000000	
960357.000000	1379845.000000	120208.000000	157137.000000	
2477383.000000	2880388.000000	57256.000000	122413.000000	
4760519.000000	5018336.000000	11207.000000	148668.000000	
3851682.000000	4125831.000000	9328.000000	67309.000000	
2404899.000000	4239622.000000	66305.000000	97396.000000	
2937059.000000	5653859.000000	14147.000000	24929.000000	
995202.000000	2040583.000000	2351.000000	43266.000000	
1315072.000000	1485504.000000	120584.000000	187244.000000	
4358311.000000	5314919.000000	65184.000000	73445.000000	
3043431.000000	4939940.000000	105327.000000	113642.000000	
1526626.000000	1790275.000000	150105.000000	179469.000000	
5096130.000000	5298368.000000	9701.000000	147063.000000	
4251456.000000	5425889.000000	164311.000000	190063.000000	
338438.000000	2302592.000000	38232.000000	51612.000000	
4192455.000000	4665508.000000	72044.000000	116153.000000	
697248.000000	1099041.000000	9589.000000	92586.000000	
4918817.000000	5701091.000000	119978.000000	196508.000000	
1435140.000000	3723269.000000	80830.000000	93996.000000	
1281379.000000	1608485.000000	34014.000000	115596.000000	
3356518.000000	5292135.000000	68305.000000	97104.000000	
2098278.000000	2779877.000000	44753.000000	128903.000000	
2134272.000000	3168002.000000	38988.000000	79557.000000	
3311649.000000	5863137.000000	61579.000000	67481.000000	
666981.000000	1347139.000000	25994.000000	104237.000000	
303750.000000	1243041.000000	159445.000000	184894.000000	
717286.000000	1083331.000000	47916.000000	178637.000000	
3076673.000000	4158915.000000	2038.000000	26833.000000	
861700.000000	4253923.000000	182362.000000	192730.000000	
3473670.000000	4075397.000000	109349.000000	174182.000000	
3159554.000000	4270852.000000	54115.000000	93179.000000	
3344420.000000	4398432.000000	33662.000000	82275.000000	
3211169.000000	5538050.000000	81813.000000	93687.000000	
3389376.000000	4223974.000000	100247.000000	143992.000000	
2768295.000000	4026627.000000	112183.000000	142571.000000	
3278022.000000	4139942.000000	95941.000000	125166.000000	
3279238.000000	4953216.000000	4142.000000	13792.000000	
2254535.000000	2870245.000000	60046.000000	124016.000000	
2473863.000000	2738274.000000	19663.000000	174132.000000	
1810598.000000	3845351.000000	64227.000000	85339.000000	
173670.000000	1785347.000000	45973.000000	62830.000000	
5056064.000000	5873606.000000	120112.000000	178051.000000	
1396775.000000	2145699.000000	107088.000000	117293.000000	
942407.000000	5816997.000000	175539.000000	178165.000000	
3345989.000000	3578566.000000	61947.000000	169567.000000	
348450.000000	821157.000000	39794.000000	131235.000000	
5446371.000000	5827462.000000	64163.000000	146480.000000	
371906.000000	2191525.000000	66377.000000	90519.000000	
1091968.000000	1829991.000000	78285.000000	146532.000000	
546823.000000	812421.000000	61673.000000	189941.000000	
757863.000000	2556261.000000	165146.000000	191473.000000	
2893442.000000	3306277.000000	88631.000000	148764.000000	
2394532.000000	3063298.000000	52860.000000	64357.000000	
5605379.000000	5821410.000000	2049.000000	90554.000000	
2004871.000000	3519234.000000	58092.000000	84133.000000	
271681.000000	2744227.000000	152567.000000	162577.000000	
4018982.000000	5666182.000000	110964.000000	129305.000000	
1908356.000000	2400773.000000	81834.000000	96226.000000	
3354657.000000	4070785.000000	63577.000000	119328.000000	
1637542.000000	2190560.000000	122859.000000	187113.000000	
3974119.000000	4997859.000000	12681.000000	33152.000000	
1629568.000000	2506272.000000	140901.000000	187652.000000	
5155557.000000	5884197.000000	143468.000000	196886.000000	
3209543.000000	4410950.000000	77769.000000	96678.000000	
3799494.000000	4426945.000000	79850.000000	143586.000000	
11718.000000	2052769.000000	185575.000000	199525.000000	
1472098.000000	1644423.000000	22726.000000	144877.000000	
5333157.000000	5544706.000000	2658.000000	165547.000000	
982277.000000	3642624.000000	8663.000000	24879.000000	
3425731.000000	4086821.000000	140884.000000	196855.000000	
3857702.000000	4318470.000000	163898.000000	183323.000000	
2060770.000000	3279300.000000	140567.000000	179564.000000	
3131488.000000	5889412.000000	110930.000000	118119.000000	
235808.000000	3830245.000000	160168.000000	165970.000000	
606753.000000	3548421.000000	16735.000000	27677.000000	
3421056.000000	4900325.000000	50738.000000	81911.000000	
5540418.000000	5690375.000000	5778.000000	146665.000000	
578854.000000	1711111.000000	93153.000000	129271.000000	
149952.000000	213604.000000	63007.000000	197678.000000	
330215.000000	2293473.000000	100134.000000	117378.000000	
350437.000000	3001701.000000	37887.000000	55845.000000	
1541987.000000	2986727.000000	66483.000000	86718.000000	
536864.000000	2994980.000000	80149.000000	102122.000000	
3188769.000000	4095553.000000	79083.000000	108168.000000	
3059168.000000	3927719.000000	50133.000000	97383.000000	
2459557.000000	4689382.000000	193571.000000	196460.000000	
2096452.000000	2526914.000000	119541.000000	165028.000000	
2741766.000000	4146882.000000	23597.000000	33696.000000	
2221284.000000	2467298.000000	94312.000000	161056.000000	
4419138.000000	5486212.000000	69483.000000	106608.000000	
1043906.000000	3308514.000000	171510.000000	186276.000000	
1541731.000000	1796833.000000	41619.000000	128113.000000	
1284864.000000	4879712.000000	137362.000000	140947.000000	
3679426.000000	5245319.000000	103724.000000	112241.000000	
1495973.000000	1705634.000000	62172.000000	101518.000000	
1278405.000000	1995873.000000	43473.000000	55220.000000	
56356.000000	738881.000000	18056.000000	103807.000000	
3292674.000000	4781153.000000	90341.000000	103947.000000	
3687526.000000	5425731.000000	137333.000000	157226.000000	
5674497.000000	5947013.000000	8485.000000	77174.000000	
1899173.000000	2232101.000000	74942.000000	130747.000000	
1027527.000000	3217827.000000	42316.000000	57586.000000	
2533540.000000	3650019.000000	51222.000000	96428.000000	
4696449.000000	5646211.000000	132027.000000	162572.000000	
583653.000000	4401475.000000	166917.000000	177637.000000	
5133670.000000	5959072.000000	79097.000000	113649.000000	
3921282.000000	4304807.000000	127034.000000	164200.000000	
1096647.000000	1780708.000000	106664.000000	147636.000000	
1710211.000000	2070212.000000	20406.000000	93589.000000	
2514951.000000	3440903.000000	134883.000000	143231.000000	
97094.000000	4254400.000000	41808.000000	53082.000000	
2909440.000000	5044864.000000	177027.000000	181387.000000	
5102852.000000	5158724.000000	50082.000000	168765.000000	
5562370.000000	5918338.000000	7905.000000	119180.000000	
942528.000000	5098947.000000	189164.000000	196185.000000	
4094722.000000	5991141.000000	142770.000000	163049.000000	
3304549.000000	4878567.000000	77236.000000	111600.000000	
3202371.000000	4468034.000000	118262.000000	138155.000000	
3591430.000000	3895364.000000	31933.000000	108003.000000	
3876711.000000	4734404.000000	106485.000000	131501.000000	
3844321.000000	4307043.000000	98878.000000	120990.000000	
1814726.000000	5816544.000000	143706.000000	154357.000000	
119394.000000	227557.000000	75670.000000	141253.000000	
913121.000000	2675462.000000	101112.000000	109293.000000	
1016806.000000	1837187.000000	65587.000000	125089.000000	
670657.000000	1427175.000000	176200.000000	192968.000000	
847524.000000	2133153.000000	14275.000000	33185.000000	
1023460.000000	1168134.000000	10646.000000	175807.000000	
839335.000000	3064770.000000	84664.000000	96590.000000	
1222307.000000	4239105.000000	41981.000000	60011.000000	
1610662.000000	4568384.000000	9486.000000	28526.000000	
1098659.000000	1795492.000000	77636.000000	102758.000000	
1913281.000000	2613511.000000	137723.000000	197823.000000	
2657796.000000	3158598.000000	109876.000000	135750.000000	
4435687.000000	5438567.000000	30920.000000	40904.000000	
2579842.000000	5484096.000000	56632.000000	63830.000000	
3558820.000000	4328199.000000	113390.000000	123790.000000	
1305508.000000	1658151.000000	13450.000000	90102.000000	
3112834.000000	3383141.000000	18350.000000	131574.000000	
789413.000000	1485159.000000	46485.000000	66845.000000	
1666528.000000	5453638.000000	88224.000000	91484.000000	
2882466.000000	4872132.000000	30522.000000	36036.000000	
353030.000000	953702.000000	87816.000000	117406.000000	
1461441.000000	3860422.000000	83015.000000	93228.000000	
3725570.000000	5013190.000000	132334.000000	157732.000000	
604580.000000	1075751.000000	76545.000000	186841.000000	
3655493.000000	5096230.000000	138648.000000	155686.000000	
1165891.000000	2511779.000000	168104.000000	199537.000000	
3207621.000000	4561792.000000	58275.000000	97993.000000	
112352.000000	1887143.000000	169530.000000	184956.000000	
3990499.000000	4879911.000000	126260.000000	156670.000000	
146178.000000	1453474.000000	61195.000000	72638.000000	
2912807.000000	3915073.000000	19977.000000	36530.000000	
1306626.000000	1989574.000000	186.000000	44873.000000	
2782628.000000	3911079.000000	190358.000000	196678.000000	
2134784.000000	3492261.000000	70382.000000	106821.000000	
2280484.000000	2507523.000000	134533.000000	169794.000000	
3361702.000000	3726246.000000	93761.000000	175331.000000	
3332834.000000	4588290.000000	106574.000000	134992.000000	
940419.000000	2314144.000000	121005.000000	140146.000000	
4177505.000000	5665284.000000	78228.000000	106488.000000	
5157831.000000	5773700.000000	75162.000000	162610.000000	
1642880.000000	1965859.000000	20216.000000	107877.000000	
1485892.000000	3426563.000000	210.000000	20238.000000	
2016262.000000	3813730.000000	38755.000000	47560.000000	
3378566.000000	4640000.000000	89395.000000	110888.000000	
3636103.000000	4168513.000000	94248.000000	136131.000000	
1979009.000000	4316641.000000	159675.000000	164545.000000	
2670503.000000	2976705.000000	71126.000000	171027.000000	
1641061.000000	2248194.000000	84673.000000	170351.000000	
165857.000000	1085377.000000	81537.000000	136602.000000	
1920323.000000	2447936.000000	30964.000000	54755.000000	
2029984.000000	5925093.000000	9831.000000	20779.000000	
2032132.000000	3354822.000000	127773.000000	164885.000000	
2105317.000000	3284066.000000	160583.000000	197160.000000	
2809280.000000	4970273.000000	9669.000000	13720.000000	
143108.000000	446756.000000	36533.000000	123455.000000	
2260548.000000	3601031.000000	112904.000000	142883.000000	
2762501.000000	4821190.000000	121606.000000	125220.000000	
95203.000000	279394.000000	142057.000000	190225.000000	
4957985.000000	5384675.000000	53180.000000	147911.000000	
253283.000000	366951.000000	100358.000000	166627.000000	
4025057.000000	4754087.000000	127051.000000	135571.000000	
2546465.000000	3088704.000000	3885.000000	39897.000000	
95140.000000	4968292.000000	12382.000000	18763.000000	
273889.000000	928739.000000	105961.000000	186577.000000	
631107.000000	3106823.000000	144610.000000	156693.000000	
3848418.000000	4452864.000000	2261.000000	63982.000000	
1787171.000000	2215492.000000	86901.000000	167724.000000	
1562917.000000	1825472.000000	126019.000000	179365.000000	
393253.000000	2702115.000000	102015.000000	112203.000000	
3884197.000000	4008998.000000	5444.000000	167852.000000	
78464.000000	1849730.000000	119366.000000	123744.000000	
4055655.000000	5209379.000000	14553.000000	46497.000000	
3554118.000000	4667044.000000	14700.000000	21284.000000	
4705698.000000	4744550.000000	12233.000000	174498.000000	
2533442.000000	3593280.000000	20228.000000	42916.000000	
3182342.000000	4547108.000000	137764.000000	178149.000000	
1818051.000000	5602466.000000	121877.000000	132473.000000	
895814.000000	5416036.000000	22542.000000	33699.000000	
1537824.000000	3038020.000000	158756.000000	191165.000000	
886244.000000	1168096.000000	36468.000000	181971.000000	
592774.000000	737540.000000	25731.000000	176401.000000	
3130306.000000	3492225.000000	3756.000000	46501.000000	
1039491.000000	2844709.000000	78027.000000	95844.000000	
1502145.000000	2600578.000000	45812.000000	68252.000000	
3956002.000000	5718822.000000	162667.000000	169586.000000	
2536770.000000	4725734.000000	37779.000000	51669.000000	
1593191.000000	5862530.000000	28901.000000	30770.000000	
1050500.000000	1600000.000000	131646.000000	167100.000000	
1658338.000000	3371591.000000	123866.000000	152882.000000	
4822529.000000	5405830.000000	18874.000000	65091.000000	
4795173.000000	5412995.000000	36521.000000	83565.000000	
2081639.000000	4869575.000000	68034.000000	89404.000000	
2264903.000000	3350693.000000	90466.000000	117741.000000	
272226.000000	2247299.000000	95189.000000	100383.000000	
1820838.000000	2382722.000000	26699.000000	111298.000000	
4634980.000000	5221925.000000	42570.000000	69216.000000	
2344579.000000	4074369.000000	132315.000000	136186.000000	
4684134.000000	5123008.000000	7325.000000	100234.000000	
605186.000000	1271361.000000	138804.000000	189195.000000	
2635076.000000	2811879.000000	22829.000000	134657.000000	
565732.000000	1047874.000000	33896.000000	77950.000000	
3055776.000000	3430658.000000	24589.000000	97132.000000	
1996193.000000	3017760.000000	20917.000000	73362.000000	
3358339.000000	5247140.000000	182815.000000	187715.000000	
1952644.000000	2414311.000000	34993.000000	64923.000000	
1006240.000000	4230628.000000	113232.000000	115280.000000	
1362853.000000	3911874.000000	68986.000000	79287.000000	
585315.000000	999204.000000	39302.000000	147337.000000	
1596098.000000	2370310.000000	95493.000000	169005.000000	
4738658.000000	5740836.000000	98648.000000	137808.000000	
4752645.000000	5477219.000000	111743.000000	154894.000000	
1933921.000000	3819204.000000	149023.000000	163764.000000	
3108327.000000	5187073.000000	24957.000000	41359.000000	
4027459.000000	5391424.000000	148232.000000	187517.000000	
3925604.000000	4589350.000000	4013.000000	28236.000000	
1708932.000000	3872707.000000	103835.000000	126012.000000	
2243910.000000	2359239.000000	106516.000000	197284.000000	
1138209.000000	5388770.000000	82321.000000	92943.000000	
2232806.000000	2721088.000000	19043.000000	97498.000000	
3826464.000000	4871330.000000	163179.000000	179764.000000	
5698658.000000	5976322.000000	61388.000000	177214.000000	
934438.000000	2381091.000000	4862.000000	36571.000000	
3691360.000000	3904322.000000	51132.000000	149302.000000	
259394.000000	4141958.000000	103981.000000	107415.000000	
1381796.000000	2111491.000000	112403.000000	149834.000000	
3407779.000000	4241959.000000	16402.000000	87068.000000	
4298724.000000	5449734.000000	60257.000000	92670.000000	
2642212.000000	4724418.000000	167373.000000	189205.000000	
3470658.000000	3606337.000000	25343.000000	162046.000000	
2073347.000000	2649220.000000	124092.000000	172767.000000	
55942.000000	1756832.000000	138192.000000	169178.000000	
746466.000000	1701828.000000	6553.000000	52748.000000	
2859107.000000	5378213.000000	72020.000000	86662.000000	
250759.000000	1484418.000000	100272.000000	139818.000000	
263973.000000	650817.000000	42501.000000	117118.000000	
2599333.000000	3776160.000000	146183.000000	153853.000000	
1881764.000000	3275079.000000	115361.000000	136608.000000	
2217283.000000	3284610.000000	174251.000000	188653.000000	
3129190.000000	4185510.000000	125003.000000	148884.000000	
4243174.000000	4446786.000000	28497.000000	173889.000000	
3492647.000000	5490822.000000	27653.000000	35525.000000	
1508100.000000	3561347.000000	39335.000000	62785.000000	
596800.000000	3836005.000000	103841.000000	109480.000000	
450529.000000	3743812.000000	96757.000000	99125.000000	
2677351.000000	3057541.000000	102968.000000	168229.000000	
2444833.000000	2789861.000000	12327.000000	102069.000000	
4660646.000000	5053447.000000	19734.000000	146000.000000	
4138819.000000	4496582.000000	102873.000000	189557.000000	
2457634.000000	3224038.000000	18244.000000	26489.000000	
915363.000000	1265250.000000	6829.000000	155209.000000	
4722626.000000	5843623.000000	133995.000000	170378.000000	
1344802.000000	1796290.000000	38165.000000	145382.000000	
4793447.000000	5343876.000000	54535.000000	115224.000000	
1607716.000000	4492482.000000	22479.000000	33675.000000	
2571652.000000	5986343.000000	122369.000000	124130.000000	
707395.000000	911138.000000	17790.000000	121342.000000	
2875843.000000	3305634.000000	118573.000000	153386.000000	
1141664.000000	4401829.000000	168808.000000	185326.000000	
3033057.000000	4914919.000000	107778.000000	130129.000000	
3779684.000000	4223751.000000	29581.000000	137094.000000	
1016130.000000	1376514.000000	10157.000000	166269.000000	
1309605.000000	2130467.000000	33448.000000	98228.000000	
1984578.000000	3033632.000000	54457.000000	109632.000000	
398593.000000	2903079.000000	130738.000000	139110.000000	
3312423.000000	4203749.000000	20178.000000	57808.000000	
3046947.000000	4330339.000000	94355.000000	110707.000000	
130855.000000	5481126.000000	76465.000000	79921.000000	
2987207.000000	3365665.000000	149462.000000	187457.000000	
2768802.000000	4972934.000000	188454.000000	197929.000000	
2827718.000000	3761253.000000	21123.000000	80153.000000	
902496.000000	2888518.000000	55564.000000	61328.000000	
462912.000000	1967524.000000	131142.000000	154918.000000	
3330945.000000	3799783.000000	136040.000000	156457.000000	
3273862.000000	4897350.000000	38288.000000	50559.000000	
2636867.000000	4731911.000000	8349.000000	19561.000000	
3278048.000000	4284544.000000	95196.000000	115824.000000	
600294.000000	2857281.000000	26539.000000	37360.000000	
1019809.000000	3317090.000000	12291.000000	26226.000000	
5322048.000000	5726854.000000	142941.000000	183208.000000	
1405952.000000	3272197.000000	30745.000000	62660.000000	
827396.000000	4466339.000000	89357.000000	105486.000000	
175873.000000	2753764.000000	180340.000000	189902.000000	
611779.000000	1901061.000000	14025.000000	28477.000000	
2182919.000000	2595554.000000	28863.000000	77709.000000	
4764230.000000	5406245.000000	24694.000000	91428.000000	
728708.000000	1245635.000000	110977.000000	132437.000000	
4599270.000000	5828194.000000	180452.000000	186592.000000	
1826886.000000	2870756.000000	114515.000000	144377.000000	
3451939.000000	4483300.000000	90594.000000	117606.000000	
293346.000000	616902.000000	23534.000000	179608.000000	
789670.000000	2080161.000000	81363.000000	121988.000000	
2641120.000000	5800068.000000	7367.000000	15855.000000	
360549.000000	2923780.000000	27174.000000	43489.000000	
604771.000000	2071367.000000	52634.000000	73939.000000	
3211717.000000	3825351.000000	67380.000000	116036.000000	
185313.000000	647362.000000	56638.000000	146231.000000	
4130662.000000	4420032.000000	65582.000000	170938.000000	
4233026.000000	5242433.000000	22492.000000	79372.000000	
1396231.000000	3475622.000000	113305.000000	125263.000000	
1690790.000000	2324358.000000	7299.000000	44911.000000	
210787.000000	1580870.000000	20927.000000	35168.000000	
4236482.000000	4873281.000000	79592.000000	105899.000000	
1219779.000000	1763815.000000	24267.000000	83341.000000	
4646113.000000	5290850.000000	103656.000000	150190.000000	
1623270.000000	3608832.000000	7214.000000	31170.000000	
276194.000000	1292551.000000	93810.000000	133585.000000	
4953472.000000	5590626.000000	92900.000000	147235.000000	
914561.000000	1294209.000000	7432.000000	149318.000000	
2095109.000000	3504641.000000	115274.000000	133279.000000	
1487971.000000	4182304.000000	90122.000000	94359.000000	
815623.000000	3280645.000000	165217.000000	174709.000000	
3406054.000000	5901666.000000	73469.000000	96221.000000	
3880928.000000	3985216.000000	34476.000000	126398.000000	
2094659.000000	2354086.000000	116899.000000	152912.000000	
3326918.000000	4225349.000000	160840.000000	189334.000000	
3275394.000000	5427111.000000	4475.000000	11732.000000	
565795.000000	1451234.000000	72191.000000	102912.000000	
825924.000000	1526656.000000	158619.000000	169346.000000	
3472547.000000	4138626.000000	183811.000000	193188.000000	
447045.000000	2377091.000000	66360.000000	75081.000000	
3388000.000000	4300103.000000	137208.000000	183903.000000	
4845479.000000	5677348.000000	149254.000000	162627.000000	
358151.000000	1078598.000000	28725.000000	74552.000000	
2202721.000000	3723335.000000	65943.000000	98989.000000	
892610.000000	1331974.000000	60341.000000	95160.000000	
2227011.000000	2719655.000000	111514.000000	143064.000000	
414947.000000	4504162.000000	84278.000000	86973.000000	
1273926.000000	2461025.000000	85787.000000	123825.000000	
2720930.000000	5068417.000000	159467.000000	180590.000000	
2218464.000000	3435968.000000	13986.000000	61730.000000	
2225860.000000	2926978.000000	179103.000000	194786.000000	
56736.000000	2668931.000000	17258.000000	32657.000000	
749412.000000	5629216.000000	19923.000000	26669.000000	
827046.000000	2304673.000000	4088.000000	12171.000000	
4077122.000000	5163523.000000	111127.000000	137927.000000	
3427075.000000	3725184.000000	86937.000000	170541.000000	
5179777.000000	5443431.000000	101695.000000	145053.000000	
4468420.000000	5896615.000000	143177.000000	155448.000000	
5147969.000000	5851296.000000	77756.000000	112493.000000	
3515424.000000	3892101.000000	111806.000000	161905.000000	
352356.000000	5348037.000000	60742.000000	64880.000000	
3455554.000000	3756422.000000	79375.000000	139964.000000	
2317762.000000	2729600.000000	32211.000000	119983.000000	
4760833.000000	5261605.000000	25858.000000	128931.000000	
2737088.000000	3449089.000000	26480.000000	48706.000000	
1151589.000000	2153761.000000	61631.000000	87506.000000	
3371395.000000	3619335.000000	116536.000000	144563.000000	
3637572.000000	5211111.000000	12430.000000	19692.000000	
4863333.000000	4985347.000000	78618.000000	196794.000000	
2400931.000000	3052455.000000	45894.000000	69895.000000	
3893603.000000	5687265.000000	67709.000000	96083.000000	
4554946.000000	4826817.000000	68851.000000	174034.000000	
4498308.000000	4677956.000000	116009.000000	169195.000000	
1131136.000000	1688932.000000	69418.000000	109075.000000	
1736197.000000	2964225.000000	7476.000000	56104.000000	
3030721.000000	3362308.000000	87487.000000	179109.000000	
932133.000000	2432454.000000	165954.000000	184633.000000	
1933638.000000	4408578.000000	45842.000000	51478.000000	
2729634.000000	3283300.000000	35685.000000	100200.000000	
59619.000000	296738.000000	103966.000000	132845.000000	
1483367.000000	1859397.000000	39007.000000	104713.000000	
1368292.000000	1477187.000000	3314.000000	143675.000000	
987619.000000	1424836.000000	148843.000000	171670.000000	
2826341.000000	3085383.000000	90853.000000	121936.000000	
776966.000000	2366951.000000	46960.000000	76748.000000	
366275.000000	702433.000000	5008.000000	141438.000000	
1746661.000000	2449957.000000	62814.000000	91858.000000	
1622690.000000	2322693.000000	141960.000000	198667.000000	
534211.000000	2670150.000000	23816.000000	33140.000000	
4891938.000000	5429058.000000	44002.000000	130101.000000	
3755719.000000	4734306.000000	12343.000000	56276.000000	
3459652.000000	3999744.000000	18797.000000	71887.000000	
2701093.000000	4645829.000000	49185.000000	58610.000000	
1738405.000000	1883844.000000	52484.000000	144228.000000	
380704.000000	1446529.000000	113767.000000	123849.000000	
1822304.000000	2771303.000000	154427.000000	178621.000000	
3660999.000000	4554564.000000	181103.000000	198140.000000	
914016.000000	2957794.000000	20045.000000	38862.000000	
159687.000000	2958307.000000	74191.000000	84752.000000	
778374.000000	5339044.000000	75903.000000	85946.000000	
605251.000000	2004384.000000	59670.000000	99836.000000	
5427366.000000	5828832.000000	158134.000000	177400.000000	
929733.000000	4756903.000000	18314.000000	27803.000000	
5162373.000000	5630723.000000	61840.000000	151570.000000	
5053381.000000	5799012.000000	38768.000000	81388.000000	
3114912.000000	3534468.000000	64897.000000	153226.000000	
226145.000000	324325.000000	55502.000000	193049.000000	
4183522.000000	4834243.000000	16222.000000	50625.000000	
3081729.000000	3308676.000000	43660.000000	113043.000000	
2121667.000000	2373825.000000	51616.000000	180315.000000	
3697475.000000	5128001.000000	21312.000000	27736.000000	
748100.000000	1579492.000000	120477.000000	143516.000000	
5478176.000000	5871842.000000	45682.000000	141974.000000	
3384577.000000	4202147.000000	89559.000000	100538.000000	
1566086.000000	2379296.000000	28989.000000	49140.000000	
4287206.000000	5824519.000000	75119.000000	97342.000000	
1744742.000000	3856960.000000	164360.000000	170123.000000	
3954628.000000	4943174.000000	153008.000000	183486.000000	
653889.000000	1263523.000000	71757.000000	163390.000000	
3202437.000000	4165473.000000	161026.000000	188645.000000	
948385.000000	1822787.000000	135002.000000	182561.000000	
3106823.000000	3586149.000000	116901.000000	190799.000000	
1345158.000000	4516804.000000	94377.000000	103343.000000	
507621.000000	4249892.000000	27988.000000	42282.000000	
3304258.000000	4874818.000000	149199.000000	166732.000000	
4124839.000000	5063109.000000	22493.000000	45494.000000	
2810054.000000	3350275.000000	84330.000000	194291.000000	
4496807.000000	5487586.000000	175986.000000	190963.000000	
4315234.000000	4683239.000000	20005.000000	177913.000000	
5087335.000000	5260416.000000	34661.000000	138015.000000	
3989668.000000	4653093.000000	65999.000000	76543.000000	
1849895.000000	1923204.000000	14459.000000	180789.000000	
2094081.000000	2220519.000000	24487.000000	96863.000000	
5422852.000000	5550918.000000	52757.000000	138829.000000	
1894275.000000	2517475.000000	39661.000000	97291.000000	
1828997.000000	4192678.000000	48127.000000	65966.000000	
2904513.000000	4112960.000000	113128.000000	137088.000000	
3954081.000000	5735878.000000	173294.000000	180276.000000	
4551971.000000	5372516.000000	119447.000000	169547.000000	
1287297.000000	3445381.000000	5248.000000	9627.000000	
214177.000000	1737095.000000	163054.000000	176265.000000	
4570082.000000	4838819.000000	25413.000000	126008.000000	
1043813.000000	2452647.000000	13135.000000	33436.000000	
3584835.000000	4687430.000000	5205.000000	51921.000000	
1610306.000000	4150784.000000	48030.000000	54995.000000	
1942181.000000	2985415.000000	83112.000000	128777.000000	
1447493.000000	5865380.000000	6413.000000	19517.000000	
4383072.000000	4786757.000000	77538.000000	167889.000000	
4002246.000000	4155269.000000	55119.000000	175950.000000	
3107300.000000	5581669.000000	49168.000000	53362.000000	
707973.000000	1428868.000000	67951.000000	80646.000000	
4309507.000000	5591072.000000	80775.000000	94066.000000	
4093316.000000	5299590.000000	109491.000000	154471.000000	
55397.000000	4182209.000000	61206.000000	72893.000000	
1051136.000000	1213985.000000	33236.000000	131562.000000	
4085703.000000	5687366.000000	90343.000000	127450.000000	
3720896.000000	4064449.000000	85287.000000	131206.000000	
5429799.000000	5940288.000000	29946.000000	102829.000000	
1416226.000000	2755847.000000	38549.000000	59917.000000	
1822818.000000	1991874.000000	20758.000000	95034.000000	
2735648.000000	3680772.000000	94876.000000	102100.000000	
4967297.000000	5050112.000000	5097.000000	156718.000000	
851460.000000	1388068.000000	2435.000000	95555.000000	
3501218.000000	4545447.000000	125197.000000	153608.000000	
2597892.000000	3317575.000000	132919.000000	165688.000000	
511620.000000	2053025.000000	16224.000000	48259.000000	
4409187.000000	4729443.000000	61292.000000	120341.000000	
3030502.000000	3717479.000000	93438.000000	121654.000000	
2706663.000000	3012613.000000	47640.000000	133259.000000	
2519492.000000	2932293.000000	123344.000000	183424.000000	
4536034.000000	5481476.000000	49206.000000	111493.000000	
3759110.000000	5814085.000000	157095.000000	178436.000000	
1236293.000000	1905479.000000	113920.000000	172813.000000	
1001856.000000	1795779.000000	53355.000000	79845.000000	
701186.000000	2922663.000000	6514.000000	9899.000000	
2911682.000000	3354657.000000	18114.000000	129179.000000	
246720.000000	3825730.000000	177484.000000	192750.000000	
844962.000000	2552039.000000	5833.000000	16556.000000	
5869349.000000	5995010.000000	40130.000000	142234.000000	
217574.000000	3667076.000000	66059.000000	68229.000000	
654919.000000	963399.000000	81335.000000	104150.000000	
932551.000000	3857761.000000	37497.000000	57709.000000	
1253733.000000	3388195.000000	91664.000000	109795.000000	
3309476.000000	4215555.000000	27559.000000	84823.000000	
3516161.000000	3853155.000000	63304.000000	186984.000000	
1655648.000000	5847107.000000	69761.000000	71826.000000	
1321350.000000	1829088.000000	13786.000000	101176.000000	
2688484.000000	3652932.000000	79104.000000	95785.000000	
1556096.000000	3262466.000000	58207.000000	77122.000000	
1432257.000000	3656899.000000	29563.000000	34200.000000	
4715456.000000	5313858.000000	137545.000000	155780.000000	
2875587.000000	5410918.000000	174926.000000	191174.000000	
1525797.000000	2702852.000000	160504.000000	188711.000000	
1818758.000000	3602948.000000	57294.000000	69393.000000	
5432961.000000	5602852.000000	58052.000000	105493.000000	
478407.000000	5912769.000000	6205.000000	11314.000000	
5569024.000000	5842306.000000	95244.000000	140748.000000	
3433798.000000	4043681.000000	174819.000000	195631.000000	
2926119.000000	3270533.000000	36841.000000	73952.000000	
2324421.000000	2614784.000000	169919.000000	194167.000000	
1153956.000000	1540805.000000	94113.000000	114438.000000	
3561283.000000	4261120.000000	93952.000000	169636.000000	
4879841.000000	5866821.000000	135256.000000	168444.000000	
1029636.000000	2018438.000000	140514.000000	199333.000000	
2554278.000000	3373604.000000	165604.000000	198355.000000	
5261380.000000	5534086.000000	104537.000000	180574.000000	
2070662.000000	3924870.000000	56392.000000	60706.000000	
2755109.000000	2989987.000000	2401.000000	93978.000000	
231072.000000	1978337.000000	189711.000000	195870.000000	
2158020.000000	5480226.000000	140749.000000	142558.000000	
331269.000000	847110.000000	100043.000000	119504.000000	
656227.000000	2868354.000000	144724.000000	154104.000000	
3744832.000000	4334178.000000	87612.000000	118465.000000	
1845575.000000	4545348.000000	91736.000000	101286.000000	
4485379.000000	5094436.000000	90280.000000	126777.000000	
3201863.000000	4340962.000000	169824.000000	199128.000000	
3724006.000000	4139683.000000	126095.000000	179151.000000	
3371301.000000	3474498.000000	90258.000000	180498.000000	
812768.000000	2601797.000000	136504.000000	159178.000000	
1113989.000000	4008007.000000	28761.000000	45535.000000	
1274983.000000	3037922.000000	95326.000000	122067.000000	
2840290.000000	4521504.000000	4246.000000	38499.000000	
4552039.000000	4928674.000000	142630.000000	161251.000000	
43749.000000	945795.000000	33063.000000	67157.000000	
1519013.000000	2356547.000000	5480.000000	54410.000000	
2221575.000000	5701890.000000	138901.000000	150654.000000	
2529990.000000	4708897.000000	38506.000000	51178.000000	
3535200.000000	5224227.000000	82469.000000	87501.000000	
4232036.000000	4699974.000000	139896.000000	177106.000000	
4013572.000000	4282562.000000	25799.000000	88451.000000	
1515233.000000	5830695.000000	62744.000000	74534.000000	
2055714.000000	5161632.000000	157359.000000	160364.000000	
60519.000000	1234050.000000	31631.000000	70123.000000	
1614372.000000	4053540.000000	108826.000000	129765.000000	
2245380.000000	5787139.000000	96754.000000	105004.000000	
841698.000000	3576002.000000	184761.000000	196060.000000	
732261.000000	979014.000000	16164.000000	177093.000000	
3064741.000000	4084901.000000	125808.000000	178791.000000	
3268835.000000	5115399.000000	116000.000000	144392.000000	
3225793.000000	5222150.000000	128656.000000	133848.000000	
1420966.000000	2442944.000000	83626.000000	122969.000000	
4498851.000000	5660101.000000	81402.000000	116024.000000	
197127.000000	2870016.000000	2313.000000	16556.000000	
4110789.000000	5295712.000000	115422.000000	166045.000000	
1426818.000000	4466592.000000	72975.000000	81975.000000	
504192.000000	2008709.000000	116881.000000	123053.000000	
194273.000000	1073923.000000	103168.000000	154134.000000	
1224165.000000	1421284.000000	71830.000000	150082.000000	
2851877.000000	5627843.000000	92833.000000	105685.000000	
1028421.000000	4909445.000000	155819.000000	164535.000000	
385792.000000	1194625.000000	144038.000000	193759.000000	
3031525.000000	5059078.000000	28238.000000	38526.000000	
199616.000000	5396805.000000	107526.000000	117791.000000	
244640.000000	1170022.000000	79025.000000	106774.000000	
2975714.000000	4760262.000000	12192.000000	42561.000000	
3320390.000000	3589697.000000	32356.000000	81524.000000	
559874.000000	1333636.000000	65491.000000	141271.000000	
3872354.000000	5283426.000000	85419.000000	103365.000000	
2729735.000000	3216128.000000	110493.000000	184985.000000	
1093440.000000	3589571.000000	96618.000000	107217.000000	
126822.000000	4784645.000000	139700.000000	144016.000000	
3042243.000000	4356486.000000	83080.000000	126676.000000	
1226019.000000	2299555.000000	34200.000000	86342.000000	
194884.000000	287170.000000	20101.000000	171116.000000	
4364486.000000	4777793.000000	69360.000000	100790.000000	
826112.000000	2775527.000000	41501.000000	47419.000000	
1346880.000000	2135361.000000	146576.000000	176790.000000	
152576.000000	2061924.000000	136057.000000	157395.000000	
2705764.000000	3378020.000000	150640.000000	164373.000000	
240228.000000	3022695.000000	57623.000000	63951.000000	
3009158.000000	3609024.000000	122855.000000	198171.000000	
2767808.000000	3301671.000000	48920.000000	108638.000000	
461029.000000	589474.000000	26362.000000	90150.000000	
3922693.000000	5171461.000000	64576.000000	92697.000000	
968932.000000	2186117.000000	124171.000000	138756.000000	
844995.000000	1017058.000000	7394.000000	107105.000000	
137440.000000	273281.000000	67207.000000	134322.000000	
699332.000000	1624739.000000	111462.000000	147864.000000	
3384800.000000	4596742.000000	130248.000000	167546.000000	
5507874.000000	5837473.000000	152542.000000	187678.000000	
1044416.000000	1899328.000000	78186.000000	139782.000000	
1467686.000000	4234560.000000	124206.000000	143369.000000	
1644674.000000	2660517.000000	160766.000000	175597.000000	
2371396.000000	2495972.000000	26031.000000	102010.000000	
3398210.000000	4100226.000000	113501.000000	143874.000000	
1791938.000000	4073316.000000	17622.000000	33356.000000	
2648258.000000	3121153.000000	64557.000000	120214.000000	
1471205.000000	2681477.000000	64628.000000	110777.000000	
3206368.000000	4545863.000000	164892.000000	187142.000000	
560544.000000	3119781.000000	24562.000000	40708.000000	
34657.000000	209088.000000	84900.000000	167369.000000	
784226.000000	1355940.000000	63900.000000	91663.000000	
3642276.000000	3890657.000000	27229.000000	176067.000000	
1174854.000000	2524480.000000	95100.000000	137229.000000	
1488773.000000	2081798.000000	134674.000000	146856.000000	
4906209.000000	5602080.000000	89098.000000	118521.000000	
2683491.000000	3069216.000000	14511.000000	73330.000000	
4774115.000000	5088866.000000	33685.000000	142926.000000	
3508164.000000	4559527.000000	169589.000000	186187.000000	
5618566.000000	5929632.000000	166179.000000	195504.000000	
137221.000000	476323.000000	53850.000000	199296.000000	
2431046.000000	3024480.000000	31000.000000	87910.000000	
944647.000000	1505447.000000	138420.000000	190277.000000	
132967.000000	769889.000000	4369.000000	69003.000000	
2274276.000000	2918626.000000	53433.000000	105796.000000	
2296102.000000	2954144.000000	102121.000000	115475.000000	
1669602.000000	2072322.000000	52881.000000	198869.000000	
1138017.000000	5209121.000000	130618.000000	145148.000000	
2316386.000000	2755200.000000	98194.000000	163962.000000	
1687366.000000	4679168.000000	89713.000000	103893.000000	
2380160.000000	3559458.000000	52468.000000	94607.000000	
4021798.000000	5644229.000000	173993.000000	195251.000000	
4284678.000000	5650758.000000	126739.000000	139967.000000	
4991810.000000	5556005.000000	94714.000000	191691.000000	
2595906.000000	3225827.000000	115658.000000	141052.000000	
228512.000000	2627171.000000	152729.000000	155943.000000	
2122343.000000	4013895.000000	37134.000000	48338.000000	
950849.000000	4008449.000000	58373.000000	60696.000000	
1562209.000000	1827333.000000	44579.000000	177242.000000	
3407521.000000	5992099.000000	29207.000000	42115.000000	
2351238.000000	3298022.000000	139145.000000	150173.000000	
2825159.000000	3307588.000000	122405.000000	170054.000000	
5160036.000000	5639266.000000	79582.000000	167618.000000	
