query_id	 spl_est	 spl_ci	 aqpp_est	 aqpp_ci	 real_value	 selectively	 time_spl	 time_aqpp	 time_direct	 error_spl	 error_aqpp	  blb_filtering	 blb_resampling	 blb_aggregation	 full_blb
0	1418523820559.633545	15902891649.464308	-1.000000	1216648057.024713	18568744461.439999	0.048473	0.025000	0.613000	0.052000	0.856433	0.065521	0.000000	0.000000	0.000000	0.000000
1	1267131353759.655762	23742690337.296120	-1.000000	1666532255.748268	18568744461.439999	0.017910	0.019000	0.451000	0.040000	1.278637	0.089749	0.000000	0.000000	0.000000	0.000000
2	264790462860.016846	7011722537.728465	-1.000000	1736105345.832812	18568744461.439999	0.009048	0.023000	0.527000	0.033000	0.377609	0.093496	0.000000	0.000000	0.000000	0.000000
3	772598088739.977539	15260646198.033590	-1.000000	1994898297.005957	18568744461.439999	0.022857	0.025000	0.524000	0.037000	0.821846	0.107433	0.000000	0.000000	0.000000	0.000000
4	1312393032719.820312	15325540806.148491	-1.000000	1935613394.178725	18568744461.439999	0.044847	0.028000	0.528000	0.031000	0.825341	0.104240	0.000000	0.000000	0.000000	0.000000
5	148368500280.008301	5259136398.608035	-1.000000	1110597237.840889	18568744461.439999	0.005070	0.020000	0.481000	0.035000	0.283225	0.059810	0.000000	0.000000	0.000000	0.000000
6	686582307179.975220	11208261709.007803	-1.000000	1126991001.307833	18568744461.439999	0.023462	0.024000	0.672000	0.050000	0.603609	0.060693	0.000000	0.000000	0.000000	0.000000
7	791444988180.046997	12011688293.312092	-1.000000	1424321251.701946	18568744461.439999	0.027045	0.023000	0.594000	0.037000	0.646877	0.076705	0.000000	0.000000	0.000000	0.000000
8	745402955220.015503	11666486979.960655	-1.000000	1077195328.111268	18568744461.439999	0.025472	0.024000	0.596000	0.033000	0.628286	0.058011	0.000000	0.000000	0.000000	0.000000
9	2294892090719.157227	31714969297.299282	-1.000000	231116265.002551	18568744461.439999	0.032437	0.034000	0.860000	0.038000	1.707976	0.012447	0.000000	0.000000	0.000000	0.000000
10	640497706059.868774	12518627141.608246	-1.000000	370236105.729657	18568744461.439999	0.025648	0.024000	0.609000	0.045000	0.674177	0.019939	0.000000	0.000000	0.000000	0.000000
11	511047056519.886658	9699562422.872702	-1.000000	955877797.425642	18568744461.439999	0.017463	0.025000	0.526000	0.033000	0.522360	0.051478	0.000000	0.000000	0.000000	0.000000
12	759510770159.599365	15166763677.362410	-1.000000	1568198027.574940	18568744461.439999	0.030612	0.018000	0.484000	0.036000	0.816790	0.084454	0.000000	0.000000	0.000000	0.000000
13	613568617199.925293	10609077465.330620	-1.000000	2500551493.904479	18568744461.439999	0.020967	0.021000	0.525000	0.046000	0.571341	0.134665	0.000000	0.000000	0.000000	0.000000
14	1431204888959.611084	15970178694.735212	-1.000000	1541305430.160049	18568744461.439999	0.048907	0.027000	0.542000	0.037000	0.860057	0.083005	0.000000	0.000000	0.000000	0.000000
15	2684370488398.968262	34203093550.737774	-1.000000	0.000000	18568744461.439999	0.037942	0.041000	1.014000	0.035000	1.841971	0.000000	0.000000	0.000000	0.000000	0.000000
16	1223186593859.977295	14819109986.920099	-1.000000	1576248034.062150	18568744461.439999	0.041798	0.025000	0.611000	0.039000	0.798067	0.084887	0.000000	0.000000	0.000000	0.000000
17	2713328770959.076172	34221669711.532642	-1.000000	864653299.719477	18568744461.439999	0.040305	0.029000	0.701000	0.038000	1.842972	0.046565	0.000000	0.000000	0.000000	0.000000
18	2698520475598.961426	34289556841.487339	-1.000000	0.000000	18568744461.439999	0.038142	0.037000	0.658000	0.034000	1.846628	0.000000	0.000000	0.000000	0.000000	0.000000
19	1130761114560.139893	14271701777.120977	-1.000000	2085255282.783417	18568744461.439999	0.038640	0.026000	0.564000	0.038000	0.768587	0.112299	0.000000	0.000000	0.000000	0.000000
20	1010925018180.197266	13522992191.060581	-1.000000	1424081013.331117	18568744461.439999	0.034545	0.024000	0.560000	0.035000	0.728266	0.076692	0.000000	0.000000	0.000000	0.000000
21	773740265760.034912	11880268889.039011	-1.000000	1224172493.195432	18568744461.439999	0.026440	0.027000	0.593000	0.037000	0.639799	0.065927	0.000000	0.000000	0.000000	0.000000
22	628834672619.935791	10737385752.033205	-1.000000	1661268077.493283	18568744461.439999	0.021488	0.028000	0.580000	0.036000	0.578250	0.089466	0.000000	0.000000	0.000000	0.000000
23	533929837359.946716	10327440523.061453	-1.000000	1137984622.315482	18568744461.439999	0.020917	0.019000	0.465000	0.038000	0.556173	0.061285	0.000000	0.000000	0.000000	0.000000
24	1253474837999.923828	14993357517.230898	-1.000000	1424322641.852370	18568744461.439999	0.042833	0.020000	0.515000	0.039000	0.807451	0.076705	0.000000	0.000000	0.000000	0.000000
25	2114548003919.760986	29722272523.494457	-1.000000	1677207242.137307	18568744461.439999	0.038143	0.019000	0.501000	0.034000	1.600661	0.090324	0.000000	0.000000	0.000000	0.000000
26	3044144440560.288086	35254695213.890915	-1.000000	0.000000	18568744461.439999	0.047552	0.028000	0.665000	0.036000	1.898604	0.000000	0.000000	0.000000	0.000000	0.000000
27	204852279519.964874	3975243369.565055	-1.000000	0.000000	18568744461.439999	0.016718	0.030000	0.745000	0.035000	0.214083	0.000000	0.000000	0.000000	0.000000	0.000000
28	70802796640.004669	2350017910.919442	-1.000000	920214223.378884	18568744461.439999	0.005778	0.027000	0.660000	0.041000	0.126558	0.049557	0.000000	0.000000	0.000000	0.000000
29	232465631999.985809	7457289574.254066	-1.000000	0.000000	18568744461.439999	0.006183	0.041000	0.939000	0.037000	0.401604	0.000000	0.000000	0.000000	0.000000	0.000000
30	2138846139899.229980	29342951203.142319	-1.000000	1374977813.149377	18568744461.439999	0.036158	0.021000	0.500000	0.039000	1.580233	0.074048	0.000000	0.000000	0.000000	0.000000
31	1292054549939.855957	15211856563.659487	-1.000000	1151093723.954718	18568744461.439999	0.044152	0.027000	0.611000	0.051000	0.819218	0.061991	0.000000	0.000000	0.000000	0.000000
32	456414376519.969971	10730377995.600428	-1.000000	0.000000	18568744461.439999	0.011593	0.041000	0.987000	0.037000	0.577873	0.000000	0.000000	0.000000	0.000000	0.000000
33	1223576780579.976562	14821370266.508730	-1.000000	1178578449.604105	18568744461.439999	0.041812	0.030000	0.618000	0.036000	0.798189	0.063471	0.000000	0.000000	0.000000	0.000000
34	434619232739.927734	8956794256.903191	-1.000000	1867806813.238658	18568744461.439999	0.014852	0.023000	0.534000	0.036000	0.482359	0.100589	0.000000	0.000000	0.000000	0.000000
35	399697521299.946533	8594621040.479612	-1.000000	881286802.643594	18568744461.439999	0.013658	0.022000	0.505000	0.037000	0.462854	0.047461	0.000000	0.000000	0.000000	0.000000
36	1350631331279.752930	15536564616.173929	-1.000000	1484043912.731220	18568744461.439999	0.046153	0.024000	0.576000	0.039000	0.836705	0.079922	0.000000	0.000000	0.000000	0.000000
37	1171303772300.036621	21032633997.129669	-1.000000	2174538926.255332	18568744461.439999	0.028885	0.017000	0.423000	0.034000	1.132690	0.117107	0.000000	0.000000	0.000000	0.000000
38	588840533819.908325	10397579239.004099	-1.000000	891647299.997551	18568744461.439999	0.020122	0.023000	0.549000	0.038000	0.559951	0.048019	0.000000	0.000000	0.000000	0.000000
39	1230161181479.964844	14859450736.985247	-1.000000	2171514771.932258	18568744461.439999	0.042037	0.023000	0.564000	0.034000	0.800240	0.116945	0.000000	0.000000	0.000000	0.000000
40	2697577143118.961914	34283800569.494129	-1.000000	0.000000	18568744461.439999	0.038128	0.024000	0.552000	0.038000	1.846318	0.000000	0.000000	0.000000	0.000000	0.000000
41	245964085919.987976	7653112426.470641	-1.000000	773440071.646100	18568744461.439999	0.006570	0.020000	0.472000	0.037000	0.412150	0.041653	0.000000	0.000000	0.000000	0.000000
42	945330120239.941772	16767886440.951303	-1.000000	693752231.477145	18568744461.439999	0.030963	0.026000	0.687000	0.050000	0.903017	0.037361	0.000000	0.000000	0.000000	0.000000
43	1984648722799.820068	28780488081.623638	-1.000000	1381539302.466330	18568744461.439999	0.036247	0.028000	0.569000	0.040000	1.549943	0.074401	0.000000	0.000000	0.000000	0.000000
44	469534790799.950195	10475617647.003929	-1.000000	1572714784.405089	18568744461.439999	0.013040	0.017000	0.455000	0.041000	0.564153	0.084697	0.000000	0.000000	0.000000	0.000000
45	1638686434319.475342	26927915726.478878	-1.000000	980529378.180515	18568744461.439999	0.023162	0.034000	0.817000	0.041000	1.450174	0.052805	0.000000	0.000000	0.000000	0.000000
46	170482188159.986938	3631628371.476325	-1.000000	1063668567.783361	18568744461.439999	0.013913	0.033000	0.830000	0.040000	0.195577	0.057283	0.000000	0.000000	0.000000	0.000000
47	759449677140.025146	11772997856.969793	-1.000000	2899390421.576613	18568744461.439999	0.025952	0.024000	0.518000	0.033000	0.634022	0.156144	0.000000	0.000000	0.000000	0.000000
48	779202879840.038696	11920989529.867435	-1.000000	1239045869.267685	18568744461.439999	0.026627	0.022000	0.557000	0.033000	0.641992	0.066727	0.000000	0.000000	0.000000	0.000000
49	951354311799.950439	16110774984.670696	-1.000000	1330836361.134783	18568744461.439999	0.031285	0.022000	0.583000	0.040000	0.867629	0.071671	0.000000	0.000000	0.000000	0.000000
50	1171396451360.101074	17332256213.702690	-1.000000	1628196557.790188	18568744461.439999	0.038538	0.020000	0.586000	0.046000	0.933410	0.087685	0.000000	0.000000	0.000000	0.000000
51	168521683839.988190	3610979482.011268	-1.000000	1013649203.912921	18568744461.439999	0.013753	0.038000	0.828000	0.046000	0.194465	0.054589	0.000000	0.000000	0.000000	0.000000
52	529169532979.988586	13886449645.193897	-1.000000	1821142733.116431	18568744461.439999	0.012357	0.043000	1.093000	0.046000	0.747840	0.098076	0.000000	0.000000	0.000000	0.000000
53	1427351688379.939697	20931040663.602581	-1.000000	1094109798.707633	18568744461.439999	0.041323	0.026000	0.735000	0.062000	1.127219	0.058922	0.000000	0.000000	0.000000	0.000000
54	875822866380.104736	12617036478.333246	-1.000000	1514204631.130233	18568744461.439999	0.029928	0.027000	0.628000	0.038000	0.679477	0.081546	0.000000	0.000000	0.000000	0.000000
55	441379980800.060791	10598180006.576149	-1.000000	1073120787.802242	18568744461.439999	0.020833	0.021000	0.642000	0.035000	0.570754	0.057792	0.000000	0.000000	0.000000	0.000000
56	1285526337119.646729	23911240268.344292	-1.000000	2456792059.550745	18568744461.439999	0.018170	0.027000	0.701000	0.045000	1.287714	0.132308	0.000000	0.000000	0.000000	0.000000
57	1462905128899.936768	23058334480.207996	-1.000000	1144695696.800066	18568744461.439999	0.030222	0.024000	0.640000	0.091000	1.241782	0.061646	0.000000	0.000000	0.000000	0.000000
58	1370774720699.717529	15646343845.024300	-1.000000	1007070517.210661	18568744461.439999	0.046842	0.030000	0.837000	0.049000	0.842617	0.054235	0.000000	0.000000	0.000000	0.000000
59	700239646679.918579	13877271806.875837	-1.000000	820444348.049111	18568744461.439999	0.025808	0.050000	0.988000	0.039000	0.747346	0.044184	0.000000	0.000000	0.000000	0.000000
60	1050686996399.944702	17861784648.016705	-1.000000	625895527.421918	18568744461.439999	0.033450	0.045000	0.907000	0.036000	0.961927	0.033707	0.000000	0.000000	0.000000	0.000000
61	1134175248360.133789	14292363670.498695	-1.000000	965421722.056518	18568744461.439999	0.038757	0.025000	0.604000	0.042000	0.769700	0.051992	0.000000	0.000000	0.000000	0.000000
62	1038168557739.708130	12952576797.318747	-1.000000	1068971939.015089	18568744461.439999	0.044122	0.026000	0.701000	0.057000	0.697547	0.057568	0.000000	0.000000	0.000000	0.000000
63	204954389119.964813	3976217136.287228	-1.000000	0.000000	18568744461.439999	0.016727	0.029000	0.678000	0.040000	0.214135	0.000000	0.000000	0.000000	0.000000	0.000000
64	1864752219040.744385	26459503983.794872	-1.000000	1764749436.927639	18568744461.439999	0.048398	0.022000	0.534000	0.040000	1.424948	0.095039	0.000000	0.000000	0.000000	0.000000
65	595717574759.913086	10456865270.266052	-1.000000	2930889038.397784	18568744461.439999	0.020357	0.020000	0.534000	0.041000	0.563143	0.157840	0.000000	0.000000	0.000000	0.000000
66	784262933639.895142	17791181477.628727	-1.000000	896299714.514193	18568744461.439999	0.013710	0.021000	0.494000	0.038000	0.958125	0.048269	0.000000	0.000000	0.000000	0.000000
67	230258938140.014313	6542447127.643651	-1.000000	1209039935.149665	18568744461.439999	0.007868	0.024000	0.565000	0.038000	0.352337	0.065112	0.000000	0.000000	0.000000	0.000000
68	2576607642898.970703	31018850846.128178	-1.000000	1205924397.584056	18568744461.439999	0.048677	0.026000	0.617000	0.038000	1.670487	0.064944	0.000000	0.000000	0.000000	0.000000
69	1376822614859.706787	15679121821.166962	-1.000000	1268070975.670824	18568744461.439999	0.047048	0.028000	0.680000	0.046000	0.844382	0.068291	0.000000	0.000000	0.000000	0.000000
70	1738051313740.069580	23398222356.866631	-1.000000	3293683311.201623	18568744461.439999	0.039998	0.021000	0.672000	0.055000	1.260086	0.177378	0.000000	0.000000	0.000000	0.000000
71	1313856232919.817627	15333680368.797609	-1.000000	1658108147.128742	18568744461.439999	0.044897	0.033000	0.707000	0.038000	0.825779	0.089296	0.000000	0.000000	0.000000	0.000000
72	1142110138620.125000	20835825689.537792	-1.000000	2909357144.209964	18568744461.439999	0.025082	0.018000	0.468000	0.043000	1.122091	0.156680	0.000000	0.000000	0.000000	0.000000
73	1298850908399.640381	24032536376.587101	-1.000000	1443274906.309475	18568744461.439999	0.018358	0.020000	0.486000	0.034000	1.294247	0.077726	0.000000	0.000000	0.000000	0.000000
74	2666211338158.977051	34091755948.988453	-1.000000	516789956.604015	18568744461.439999	0.037685	0.025000	0.576000	0.039000	1.835975	0.027831	0.000000	0.000000	0.000000	0.000000
75	1214846352719.991943	14770698018.821257	-1.000000	2094368415.466735	18568744461.439999	0.041513	0.022000	0.542000	0.046000	0.795460	0.112790	0.000000	0.000000	0.000000	0.000000
76	199522158399.968292	3924053614.672997	-1.000000	876595976.623626	18568744461.439999	0.016283	0.027000	0.726000	0.038000	0.211326	0.047208	0.000000	0.000000	0.000000	0.000000
77	839340408060.079834	12359393741.477385	-1.000000	886454945.698530	18568744461.439999	0.028682	0.022000	0.542000	0.038000	0.665602	0.047739	0.000000	0.000000	0.000000	0.000000
78	2672107166158.974121	34127951123.656807	-1.000000	0.000000	18568744461.439999	0.037768	0.031000	0.721000	0.038000	1.837925	0.000000	0.000000	0.000000	0.000000	0.000000
79	1209773925360.000732	14741161954.765501	-1.000000	1783309990.626200	18568744461.439999	0.041340	0.033000	0.620000	0.039000	0.793870	0.096038	0.000000	0.000000	0.000000	0.000000
80	1388820856499.685791	15743903087.906076	-1.000000	1264428420.384833	18568744461.439999	0.047458	0.028000	0.617000	0.039000	0.847871	0.068094	0.000000	0.000000	0.000000	0.000000
81	382821945659.955627	8413686706.893624	-1.000000	1257184448.499587	18568744461.439999	0.013082	0.021000	0.525000	0.041000	0.453110	0.067704	0.000000	0.000000	0.000000	0.000000
82	1258888678739.914307	15024249135.329727	-1.000000	1937988492.755899	18568744461.439999	0.043018	0.027000	0.588000	0.042000	0.809115	0.104368	0.000000	0.000000	0.000000	0.000000
83	410113795680.007385	13590432143.281584	-1.000000	730848320.276781	18568744461.439999	0.005797	0.023000	0.528000	0.038000	0.731898	0.039359	0.000000	0.000000	0.000000	0.000000
84	676384893599.921387	14325087115.520077	-1.000000	2036434661.655117	18568744461.439999	0.014490	0.018000	0.456000	0.039000	0.771462	0.109670	0.000000	0.000000	0.000000	0.000000
85	963809971740.164917	13215111994.763720	-1.000000	1535164885.026213	18568744461.439999	0.032935	0.025000	0.617000	0.035000	0.711686	0.082675	0.000000	0.000000	0.000000	0.000000
86	1490253709139.864990	20370841831.380974	-1.000000	1524020950.682097	18568744461.439999	0.039612	0.025000	0.555000	0.038000	1.097050	0.082075	0.000000	0.000000	0.000000	0.000000
87	1425986141579.620361	15942529695.624538	-1.000000	1064399174.938934	18568744461.439999	0.048728	0.026000	0.641000	0.035000	0.858568	0.057322	0.000000	0.000000	0.000000	0.000000
88	694386041579.980591	11270239492.404099	-1.000000	891619422.071915	18568744461.439999	0.023728	0.023000	0.496000	0.039000	0.606947	0.048017	0.000000	0.000000	0.000000	0.000000
89	1154391609059.655029	20264777132.478584	-1.000000	1083054198.895426	18568744461.439999	0.024142	0.021000	0.552000	0.062000	1.091338	0.058327	0.000000	0.000000	0.000000	0.000000
90	1073403666720.239990	13919195409.556734	-1.000000	2474334825.079689	18568744461.439999	0.036680	0.034000	0.663000	0.048000	0.749603	0.133253	0.000000	0.000000	0.000000	0.000000
91	2713675943599.077637	34221891402.942715	-1.000000	848781640.472615	18568744461.439999	0.040333	0.027000	0.638000	0.037000	1.842984	0.045710	0.000000	0.000000	0.000000	0.000000
92	786616427520.043701	11976006280.386705	-1.000000	1407958604.074408	18568744461.439999	0.026880	0.024000	0.589000	0.035000	0.644955	0.075824	0.000000	0.000000	0.000000	0.000000
93	1055552624280.227783	13807339376.808708	-1.000000	1264482721.274308	18568744461.439999	0.036070	0.032000	0.628000	0.041000	0.743580	0.068097	0.000000	0.000000	0.000000	0.000000
94	1038823368660.216309	13701548525.386618	-1.000000	2103086591.798202	18568744461.439999	0.035498	0.025000	0.581000	0.042000	0.737882	0.113259	0.000000	0.000000	0.000000	0.000000
95	884894707620.110962	12680185706.070269	-1.000000	1114702042.631019	18568744461.439999	0.030238	0.025000	0.553000	0.037000	0.682878	0.060031	0.000000	0.000000	0.000000	0.000000
96	475906120959.942139	10626053792.456724	-1.000000	1710819910.339850	18568744461.439999	0.012680	0.016000	0.440000	0.035000	0.572255	0.092134	0.000000	0.000000	0.000000	0.000000
97	419063818000.020386	12250967905.125263	-1.000000	0.000000	18568744461.439999	0.007532	0.028000	0.604000	0.047000	0.659763	0.000000	0.000000	0.000000	0.000000	0.000000
98	822659925780.068359	12239556033.148745	-1.000000	2630259925.047472	18568744461.439999	0.028112	0.020000	0.511000	0.039000	0.659148	0.141650	0.000000	0.000000	0.000000	0.000000
99	1387747843019.687744	15738122883.051126	-1.000000	1599607864.484073	18568744461.439999	0.047422	0.030000	0.636000	0.040000	0.847560	0.086145	0.000000	0.000000	0.000000	0.000000
100	747695302200.017090	11683942644.106447	-1.000000	1446617294.903396	18568744461.439999	0.025550	0.028000	0.614000	0.041000	0.629226	0.077906	0.000000	0.000000	0.000000	0.000000
101	1239720756119.948242	14914531759.882711	-1.000000	2092037282.026016	18568744461.439999	0.042363	0.028000	0.592000	0.034000	0.803206	0.112664	0.000000	0.000000	0.000000	0.000000
102	363580093519.969971	9289973755.317284	-1.000000	0.000000	18568744461.439999	0.009712	0.038000	0.924000	0.040000	0.500302	0.000000	0.000000	0.000000	0.000000	0.000000
103	781315126559.891357	18708769109.281357	-1.000000	1386677046.126646	18568744461.439999	0.011043	0.017000	0.495000	0.038000	1.007541	0.074678	0.000000	0.000000	0.000000	0.000000
104	209324679999.962006	4017657564.409283	-1.000000	0.000000	18568744461.439999	0.017083	0.025000	0.561000	0.040000	0.216367	0.000000	0.000000	0.000000	0.000000	0.000000
105	1232843715179.960205	14874931703.585104	-1.000000	1209199560.719374	18568744461.439999	0.042128	0.028000	0.596000	0.037000	0.801074	0.065120	0.000000	0.000000	0.000000	0.000000
106	915963325200.132202	12893802112.827520	-1.000000	1029498165.695681	18568744461.439999	0.031300	0.025000	0.620000	0.037000	0.694382	0.055443	0.000000	0.000000	0.000000	0.000000
107	1307369378699.829102	15297555194.063324	-1.000000	1411197842.989956	18568744461.439999	0.044675	0.031000	0.655000	0.045000	0.823834	0.075999	0.000000	0.000000	0.000000	0.000000
108	1210505525459.999512	14745426304.656921	-1.000000	1427283609.340893	18568744461.439999	0.041365	0.028000	0.629000	0.044000	0.794099	0.076865	0.000000	0.000000	0.000000	0.000000
109	1297489276100.023926	22068602280.516735	-1.000000	2769383865.583222	18568744461.439999	0.031203	0.021000	0.445000	0.042000	1.188481	0.149142	0.000000	0.000000	0.000000	0.000000
110	566721654319.998657	8397937965.493109	-1.000000	2196489863.085114	18568744461.439999	0.036677	0.022000	0.490000	0.042000	0.452262	0.118290	0.000000	0.000000	0.000000	0.000000
111	109338959680.008041	2915717529.322277	-1.000000	1376520002.252379	18568744461.439999	0.008923	0.041000	0.967000	0.044000	0.157023	0.074131	0.000000	0.000000	0.000000	0.000000
112	384607552040.007019	11157936405.404430	-1.000000	0.000000	18568744461.439999	0.008270	0.017000	0.491000	0.041000	0.600899	0.000000	0.000000	0.000000	0.000000	0.000000
113	304150548239.997925	7509705811.450051	-1.000000	941432804.243356	18568744461.439999	0.010393	0.027000	0.571000	0.038000	0.404427	0.050700	0.000000	0.000000	0.000000	0.000000
114	1189094029200.037109	14620011564.932974	-1.000000	734274894.114282	18568744461.439999	0.040633	0.026000	0.616000	0.038000	0.787345	0.039544	0.000000	0.000000	0.000000	0.000000
115	314234295519.942383	6416547968.393289	-1.000000	918998203.778411	18568744461.439999	0.019830	0.029000	0.787000	0.052000	0.345556	0.049492	0.000000	0.000000	0.000000	0.000000
116	985583909500.021973	17460863064.492912	-1.000000	1039409171.595952	18568744461.439999	0.023950	0.027000	0.656000	0.038000	0.940336	0.055976	0.000000	0.000000	0.000000	0.000000
117	2715922354799.085938	34223325297.060356	-1.000000	737851586.235887	18568744461.439999	0.040517	0.026000	0.648000	0.035000	1.843061	0.039736	0.000000	0.000000	0.000000	0.000000
118	1142271622800.119629	14341222071.948315	-1.000000	2370594487.543336	18568744461.439999	0.039033	0.023000	0.584000	0.037000	0.772331	0.127666	0.000000	0.000000	0.000000	0.000000
119	597856674200.014038	14516941822.495115	-1.000000	3696849268.416668	18568744461.439999	0.011075	0.035000	0.964000	0.035000	0.781794	0.199090	0.000000	0.000000	0.000000	0.000000
120	373906801119.932678	7474589726.475406	-1.000000	1345203864.396798	18568744461.439999	0.021215	0.030000	0.761000	0.036000	0.402536	0.072445	0.000000	0.000000	0.000000	0.000000
121	532653646139.875061	9898762640.786436	-1.000000	1517504896.494422	18568744461.439999	0.018202	0.025000	0.560000	0.036000	0.533087	0.081724	0.000000	0.000000	0.000000	0.000000
122	2952470522818.958984	34750151113.610634	-1.000000	1231413030.540884	18568744461.439999	0.048338	0.034000	0.632000	0.039000	1.871432	0.066316	0.000000	0.000000	0.000000	0.000000
123	806618233799.937866	13195595673.653629	-1.000000	1306009076.387158	18568744461.439999	0.025515	0.021000	0.520000	0.058000	0.710635	0.070334	0.000000	0.000000	0.000000	0.000000
124	300860051279.979248	10044813374.090988	-1.000000	3316423848.249560	18568744461.439999	0.006857	0.041000	1.003000	0.039000	0.540953	0.178602	0.000000	0.000000	0.000000	0.000000
125	1337169889439.776611	15462673145.238882	-1.000000	1068681597.968844	18568744461.439999	0.045693	0.028000	0.629000	0.043000	0.832726	0.057553	0.000000	0.000000	0.000000	0.000000
126	359264422439.968262	8154025737.239726	-1.000000	1803161758.639017	18568744461.439999	0.012277	0.024000	0.478000	0.037000	0.439126	0.097107	0.000000	0.000000	0.000000	0.000000
127	594512226319.934326	10320993323.886202	-1.000000	1293785353.884037	18568744461.439999	0.027368	0.022000	0.611000	0.043000	0.555826	0.069675	0.000000	0.000000	0.000000	0.000000
128	815197604760.063232	12185515547.627764	-1.000000	1238889007.396244	18568744461.439999	0.027857	0.024000	0.631000	0.045000	0.656238	0.066719	0.000000	0.000000	0.000000	0.000000
129	2108731183460.106934	26308216088.131828	-1.000000	1266365974.859935	18568744461.439999	0.045548	0.025000	0.527000	0.038000	1.416801	0.068199	0.000000	0.000000	0.000000	0.000000
130	1097205056640.198975	14066727654.416986	-1.000000	752682768.186995	18568744461.439999	0.037493	0.026000	0.613000	0.037000	0.757549	0.040535	0.000000	0.000000	0.000000	0.000000
131	401569199080.007629	11444464696.918676	-1.000000	0.000000	18568744461.439999	0.008573	0.016000	0.473000	0.044000	0.616329	0.000000	0.000000	0.000000	0.000000	0.000000
132	806221921219.995972	15362710862.138588	-1.000000	999432798.879402	18568744461.439999	0.030285	0.026000	0.645000	0.040000	0.827342	0.053823	0.000000	0.000000	0.000000	0.000000
133	413939336579.938904	8744242356.494217	-1.000000	1526217227.146797	18568744461.439999	0.014145	0.022000	0.542000	0.037000	0.470912	0.082193	0.000000	0.000000	0.000000	0.000000
134	847826969220.085571	12419864961.367422	-1.000000	1398195796.088252	18568744461.439999	0.028972	0.024000	0.623000	0.033000	0.668859	0.075298	0.000000	0.000000	0.000000	0.000000
135	519094657619.882324	9774266833.100235	-1.000000	135192575.742161	18568744461.439999	0.017738	0.026000	0.577000	0.068000	0.526383	0.007281	0.000000	0.000000	0.000000	0.000000
136	2721640492399.107422	34226970678.596138	-1.000000	310032020.956110	18568744461.439999	0.040983	0.037000	0.849000	0.035000	1.843257	0.016696	0.000000	0.000000	0.000000	0.000000
137	964615582899.589722	12534312918.066925	-1.000000	1715678481.043634	18568744461.439999	0.042165	0.029000	0.668000	0.037000	0.675022	0.092396	0.000000	0.000000	0.000000	0.000000
138	709742495120.022095	11545471303.245068	-1.000000	368433332.714312	18568744461.439999	0.030433	0.033000	0.885000	0.037000	0.621769	0.019842	0.000000	0.000000	0.000000	0.000000
139	872662059879.914551	15448693497.917433	-1.000000	620922070.036794	18568744461.439999	0.030698	0.028000	0.689000	0.041000	0.831973	0.033439	0.000000	0.000000	0.000000	0.000000
140	302162596479.995911	9933520984.864914	-1.000000	1271796694.484069	18568744461.439999	0.006582	0.017000	0.433000	0.037000	0.534959	0.068491	0.000000	0.000000	0.000000	0.000000
141	331268525279.983337	7833670086.958397	-1.000000	2598881320.712689	18568744461.439999	0.011320	0.023000	0.586000	0.042000	0.421874	0.139960	0.000000	0.000000	0.000000	0.000000
142	209969228700.012817	6249733461.746329	-1.000000	1331432810.083072	18568744461.439999	0.007175	0.024000	0.586000	0.039000	0.336573	0.071703	0.000000	0.000000	0.000000	0.000000
143	1238915486519.919678	17911167200.159149	-1.000000	1279674336.347709	18568744461.439999	0.034905	0.023000	0.720000	0.051000	0.964587	0.068916	0.000000	0.000000	0.000000	0.000000
144	2594282236559.011719	33646507201.802944	-1.000000	2287749345.713987	18568744461.439999	0.036668	0.029000	0.700000	0.047000	1.811997	0.123204	0.000000	0.000000	0.000000	0.000000
145	2054329511259.861084	25851296473.776241	-1.000000	2042670349.976244	18568744461.439999	0.043948	0.029000	0.615000	0.039000	1.392194	0.110006	0.000000	0.000000	0.000000	0.000000
146	1836668338559.379395	28467362256.301807	-1.000000	1405783181.366054	18568744461.439999	0.025960	0.031000	0.771000	0.089000	1.533080	0.075707	0.000000	0.000000	0.000000	0.000000
147	585084986639.905762	10365047690.482769	-1.000000	2647460982.987814	18568744461.439999	0.019993	0.034000	0.736000	0.065000	0.558199	0.142576	0.000000	0.000000	0.000000	0.000000
148	1444758705439.876221	24776448574.897362	-1.000000	1517366687.485372	18568744461.439999	0.025325	0.027000	0.704000	0.051000	1.334309	0.081716	0.000000	0.000000	0.000000	0.000000
149	374091517799.960327	8318451428.670220	-1.000000	1904101499.141567	18568744461.439999	0.012783	0.024000	0.696000	0.050000	0.447981	0.102543	0.000000	0.000000	0.000000	0.000000
150	1603820896500.027100	22255411940.831966	-1.000000	950045095.667420	18568744461.439999	0.045508	0.031000	0.663000	0.043000	1.198542	0.051164	0.000000	0.000000	0.000000	0.000000
151	766034078040.029663	11822557731.649513	-1.000000	1147065679.121558	18568744461.439999	0.026177	0.030000	0.596000	0.039000	0.636691	0.061774	0.000000	0.000000	0.000000	0.000000
152	686038775760.145752	13909957475.315418	-1.000000	1360980703.232038	18568744461.439999	0.025733	0.030000	0.595000	0.037000	0.749106	0.073294	0.000000	0.000000	0.000000	0.000000
153	712970859239.927612	13145189315.463779	-1.000000	788258089.413782	18568744461.439999	0.027693	0.030000	0.726000	0.039000	0.707920	0.042451	0.000000	0.000000	0.000000	0.000000
154	159732688500.009155	5455765686.466430	-1.000000	662280266.164696	18568744461.439999	0.005458	0.024000	0.613000	0.037000	0.293814	0.035666	0.000000	0.000000	0.000000	0.000000
155	539863099419.962036	11870755631.238554	-1.000000	1856970314.257205	18568744461.439999	0.015160	0.044000	1.098000	0.037000	0.639287	0.100005	0.000000	0.000000	0.000000	0.000000
156	312783429419.993286	7614401093.518492	-1.000000	1520222814.462307	18568744461.439999	0.010688	0.025000	0.534000	0.038000	0.410065	0.081870	0.000000	0.000000	0.000000	0.000000
157	734856001919.913818	18150030528.415550	-1.000000	952904066.719736	18568744461.439999	0.010387	0.024000	0.494000	0.044000	0.977451	0.051318	0.000000	0.000000	0.000000	0.000000
158	314783136359.992188	7638438936.980854	-1.000000	1051454068.426867	18568744461.439999	0.010757	0.025000	0.505000	0.037000	0.411360	0.056625	0.000000	0.000000	0.000000	0.000000
159	250938834300.015839	6827491810.404593	-1.000000	2181065919.579197	18568744461.439999	0.008575	0.024000	0.517000	0.035000	0.367687	0.117459	0.000000	0.000000	0.000000	0.000000
160	895283429040.118042	12752066903.896627	-1.000000	2118186721.442673	18568744461.439999	0.030593	0.024000	0.537000	0.036000	0.686749	0.114073	0.000000	0.000000	0.000000	0.000000
161	721016285219.998779	11478963880.012281	-1.000000	1707362399.515899	18568744461.439999	0.024638	0.027000	0.584000	0.041000	0.618187	0.091948	0.000000	0.000000	0.000000	0.000000
162	399161014559.946838	8588930722.624552	-1.000000	1278890879.334509	18568744461.439999	0.013640	0.021000	0.534000	0.042000	0.462548	0.068873	0.000000	0.000000	0.000000	0.000000
163	643942334159.958008	17001275547.233007	-1.000000	730848320.276781	18568744461.439999	0.009102	0.022000	0.611000	0.039000	0.915586	0.039359	0.000000	0.000000	0.000000	0.000000
164	1393308003779.677734	15768046830.747391	-1.000000	1584912777.129122	18568744461.439999	0.047612	0.023000	0.555000	0.036000	0.849171	0.085354	0.000000	0.000000	0.000000	0.000000
165	1209223635120.171875	19147525358.181908	-1.000000	1785614323.733383	18568744461.439999	0.025727	0.017000	0.494000	0.043000	1.031170	0.096162	0.000000	0.000000	0.000000	0.000000
166	229395331199.986389	7408183998.742941	-1.000000	0.000000	18568744461.439999	0.006102	0.027000	0.732000	0.042000	0.398960	0.000000	0.000000	0.000000	0.000000	0.000000
167	1241307627119.668213	23503877282.659569	-1.000000	1108374348.426581	18568744461.439999	0.017545	0.031000	0.759000	0.041000	1.265776	0.059690	0.000000	0.000000	0.000000	0.000000
168	1071500811259.929932	17648442920.262566	-1.000000	693752231.477145	18568744461.439999	0.035265	0.029000	0.679000	0.039000	0.950438	0.037361	0.000000	0.000000	0.000000	0.000000
169	1094571296280.203613	14050491292.581074	-1.000000	1257184448.499587	18568744461.439999	0.037403	0.028000	0.585000	0.044000	0.756674	0.067704	0.000000	0.000000	0.000000	0.000000
170	276300971100.012878	7161080405.902575	-1.000000	849630906.431090	18568744461.439999	0.009442	0.024000	0.495000	0.043000	0.385652	0.045756	0.000000	0.000000	0.000000	0.000000
171	1329902661779.789307	15422604042.650261	-1.000000	1182303306.542102	18568744461.439999	0.045445	0.027000	0.615000	0.047000	0.830568	0.063672	0.000000	0.000000	0.000000	0.000000
172	1800585871199.396729	28193724023.171154	-1.000000	1443314876.033494	18568744461.439999	0.025450	0.024000	0.500000	0.065000	1.518343	0.077728	0.000000	0.000000	0.000000	0.000000
173	1814711798279.664551	23841441168.378632	-1.000000	679212515.186702	18568744461.439999	0.048813	0.028000	0.647000	0.044000	1.283955	0.036578	0.000000	0.000000	0.000000	0.000000
174	826948835279.869141	19241093434.256687	-1.000000	566114561.680828	18568744461.439999	0.011688	0.035000	0.923000	0.041000	1.036209	0.030487	0.000000	0.000000	0.000000	0.000000
175	1093192950359.916870	19182304330.720875	-1.000000	1326216806.575330	18568744461.439999	0.021865	0.021000	0.555000	0.054000	1.033043	0.071422	0.000000	0.000000	0.000000	0.000000
176	268531996559.989624	7000565815.915761	-1.000000	1742709193.098397	18568744461.439999	0.012245	0.020000	0.480000	0.042000	0.377008	0.093852	0.000000	0.000000	0.000000	0.000000
177	779544293220.038818	11923529420.427393	-1.000000	2181827240.686997	18568744461.439999	0.026638	0.028000	0.633000	0.053000	0.642129	0.117500	0.000000	0.000000	0.000000	0.000000
178	636443313659.940918	10800714198.999493	-1.000000	936568266.463529	18568744461.439999	0.021748	0.026000	0.636000	0.039000	0.581661	0.050438	0.000000	0.000000	0.000000	0.000000
179	987513814980.181152	13371027264.926695	-1.000000	2361039941.644753	18568744461.439999	0.033745	0.039000	0.574000	0.036000	0.720082	0.127151	0.000000	0.000000	0.000000	0.000000
180	780080799960.039185	11927519457.857471	-1.000000	854977344.955759	18568744461.439999	0.026657	0.031000	0.560000	0.039000	0.642344	0.046044	0.000000	0.000000	0.000000	0.000000
181	595751722079.987793	11463135098.785919	-1.000000	1394424757.277176	18568744461.439999	0.019062	0.019000	0.500000	0.047000	0.617335	0.075095	0.000000	0.000000	0.000000	0.000000
182	771106505400.033081	11860580014.716774	-1.000000	1741806546.317938	18568744461.439999	0.026350	0.025000	0.608000	0.052000	0.638739	0.093803	0.000000	0.000000	0.000000	0.000000
183	594771128639.981812	16345010628.576645	-1.000000	1443274906.309475	18568744461.439999	0.008407	0.025000	0.485000	0.050000	0.880243	0.077726	0.000000	0.000000	0.000000	0.000000
184	221464581279.996765	6456786864.802176	-1.000000	681151264.578703	18568744461.439999	0.009688	0.019000	0.467000	0.040000	0.347723	0.036683	0.000000	0.000000	0.000000	0.000000
185	580496272719.969727	11714064341.327505	-1.000000	0.000000	18568744461.439999	0.015480	0.030000	0.716000	0.036000	0.630848	0.000000	0.000000	0.000000	0.000000	0.000000
186	1999629024479.300293	29668287057.924019	-1.000000	1155558213.078092	18568744461.439999	0.028263	0.037000	0.881000	0.041000	1.597754	0.062231	0.000000	0.000000	0.000000	0.000000
187	1243037343239.942383	14933584878.842606	-1.000000	844256221.523300	18568744461.439999	0.042477	0.025000	0.594000	0.042000	0.804232	0.045467	0.000000	0.000000	0.000000	0.000000
188	996630765119.786865	21097450729.624596	-1.000000	1405783181.366054	18568744461.439999	0.014087	0.024000	0.606000	0.038000	1.136181	0.075707	0.000000	0.000000	0.000000	0.000000
189	1398962067839.591797	24923537903.353741	-1.000000	2054206946.413851	18568744461.439999	0.019773	0.024000	0.466000	0.036000	1.342231	0.110627	0.000000	0.000000	0.000000	0.000000
190	937618688160.147095	13040346784.510744	-1.000000	1621924210.118714	18568744461.439999	0.032040	0.025000	0.549000	0.037000	0.702274	0.087347	0.000000	0.000000	0.000000	0.000000
191	428863978619.930847	8898181464.185186	-1.000000	1089841122.385250	18568744461.439999	0.014655	0.021000	0.506000	0.039000	0.479202	0.058692	0.000000	0.000000	0.000000	0.000000
192	1137150422100.128662	14310340456.523954	-1.000000	1193839215.703761	18568744461.439999	0.038858	0.022000	0.604000	0.048000	0.770668	0.064293	0.000000	0.000000	0.000000	0.000000
193	786372560820.043579	11974201007.119202	-1.000000	2239836527.699287	18568744461.439999	0.026872	0.024000	0.535000	0.032000	0.644858	0.120624	0.000000	0.000000	0.000000	0.000000
194	2389593465639.494629	30239052961.517426	-1.000000	1573599001.542465	18568744461.439999	0.040583	0.027000	0.585000	0.047000	1.628492	0.084745	0.000000	0.000000	0.000000	0.000000
195	1232746168499.960449	14874369095.913811	-1.000000	2416489461.348445	18568744461.439999	0.042125	0.026000	0.612000	0.039000	0.801043	0.130137	0.000000	0.000000	0.000000	0.000000
196	1106569537920.182373	14124280318.122250	-1.000000	1443454809.481789	18568744461.439999	0.037813	0.022000	0.531000	0.042000	0.760648	0.077736	0.000000	0.000000	0.000000	0.000000
197	393844720499.949707	8532328058.771707	-1.000000	1307241399.461399	18568744461.439999	0.013458	0.021000	0.519000	0.036000	0.459499	0.070400	0.000000	0.000000	0.000000	0.000000
198	286288022720.003784	9484593208.825403	-1.000000	1316203087.142287	18568744461.439999	0.006027	0.017000	0.448000	0.037000	0.510783	0.070883	0.000000	0.000000	0.000000	0.000000
199	1521397802519.537842	25260774213.206799	-1.000000	380525174.741922	18568744461.439999	0.024238	0.020000	0.530000	0.043000	1.360392	0.020493	0.000000	0.000000	0.000000	0.000000
200	438720011199.918396	8390939971.643051	-1.000000	0.000000	18568744461.439999	0.023185	0.028000	0.579000	0.039000	0.451885	0.000000	0.000000	0.000000	0.000000	0.000000
201	1365019466579.727539	15615074081.755863	-1.000000	1186308317.161089	18568744461.439999	0.046645	0.024000	0.588000	0.036000	0.840933	0.063887	0.000000	0.000000	0.000000	0.000000
202	1009900778040.196533	13516384895.728596	-1.000000	1806228234.806753	18568744461.439999	0.034510	0.027000	0.676000	0.052000	0.727911	0.097273	0.000000	0.000000	0.000000	0.000000
203	1498011978239.543701	25772348971.385368	-1.000000	2645234612.212078	18568744461.439999	0.021173	0.020000	0.526000	0.036000	1.387942	0.142456	0.000000	0.000000	0.000000	0.000000
204	2658782594878.980469	34046085933.756737	-1.000000	1307357250.989473	18568744461.439999	0.037580	0.027000	0.618000	0.036000	1.833516	0.070406	0.000000	0.000000	0.000000	0.000000
205	377310558239.958557	8353699270.377039	-1.000000	1227949540.223104	18568744461.439999	0.012893	0.024000	0.522000	0.038000	0.449880	0.066130	0.000000	0.000000	0.000000	0.000000
206	2753539531439.226562	34247187411.597416	-1.000000	1039345882.245334	18568744461.439999	0.043587	0.042000	0.831000	0.043000	1.844346	0.055973	0.000000	0.000000	0.000000	0.000000
207	2475863849039.918457	31732587397.041164	-1.000000	1654450580.936415	18568744461.439999	0.048567	0.020000	0.564000	0.038000	1.708925	0.089099	0.000000	0.000000	0.000000	0.000000
208	1006348651019.711182	17080047343.347109	-1.000000	1102341732.414356	18568744461.439999	0.026117	0.027000	0.561000	0.038000	0.919828	0.059365	0.000000	0.000000	0.000000	0.000000
209	183046345020.010864	5838016615.061447	-1.000000	974804658.424508	18568744461.439999	0.006255	0.025000	0.577000	0.048000	0.314400	0.052497	0.000000	0.000000	0.000000	0.000000
210	1806978585599.401855	27338980788.518879	-1.000000	1320809895.081357	18568744461.439999	0.029328	0.021000	0.556000	0.044000	1.472312	0.071131	0.000000	0.000000	0.000000	0.000000
211	137255724320.008270	3263047894.870224	-1.000000	1555837771.217315	18568744461.439999	0.011202	0.019000	0.475000	0.051000	0.175728	0.083788	0.000000	0.000000	0.000000	0.000000
212	1238403875939.950439	14906958486.177040	-1.000000	865647292.702007	18568744461.439999	0.042318	0.029000	0.613000	0.042000	0.802798	0.046619	0.000000	0.000000	0.000000	0.000000
213	1334920580999.621582	22703147795.588779	-1.000000	1327439437.870071	18568744461.439999	0.024742	0.019000	0.538000	0.046000	1.222654	0.071488	0.000000	0.000000	0.000000	0.000000
214	579671145899.902100	10317955658.396776	-1.000000	2006988466.953718	18568744461.439999	0.019808	0.023000	0.485000	0.035000	0.555663	0.108084	0.000000	0.000000	0.000000	0.000000
215	832804780500.075317	12312595996.407820	-1.000000	1736105345.832812	18568744461.439999	0.028458	0.026000	0.565000	0.039000	0.663082	0.093496	0.000000	0.000000	0.000000	0.000000
216	190244672239.996490	6735713051.063063	-1.000000	792538912.466027	18568744461.439999	0.005082	0.019000	0.417000	0.042000	0.362745	0.042681	0.000000	0.000000	0.000000	0.000000
217	850509502920.087402	12438910568.227175	-1.000000	1327913576.080159	18568744461.439999	0.029063	0.027000	0.581000	0.039000	0.669884	0.071513	0.000000	0.000000	0.000000	0.000000
218	1144265776319.519531	18730243859.359333	-1.000000	1750108184.039351	18568744461.439999	0.035022	0.021000	0.599000	0.042000	1.008697	0.094250	0.000000	0.000000	0.000000	0.000000
219	229332244680.014252	6529372782.384479	-1.000000	1231494642.072532	18568744461.439999	0.007837	0.023000	0.562000	0.039000	0.351632	0.066321	0.000000	0.000000	0.000000	0.000000
220	2436459531299.074707	31334421904.598072	-1.000000	1497578480.882444	18568744461.439999	0.040762	0.025000	0.568000	0.040000	1.687482	0.080650	0.000000	0.000000	0.000000	0.000000
221	246159046980.015472	6762712454.688295	-1.000000	1118791773.535114	18568744461.439999	0.008412	0.027000	0.595000	0.038000	0.364199	0.060251	0.000000	0.000000	0.000000	0.000000
222	499022881920.009155	14981891941.823942	-1.000000	1367283055.386835	18568744461.439999	0.007053	0.019000	0.468000	0.042000	0.806834	0.073634	0.000000	0.000000	0.000000	0.000000
223	961078664700.163086	13197010580.026777	-1.000000	1016101026.785673	18568744461.439999	0.032842	0.027000	0.617000	0.037000	0.710711	0.054721	0.000000	0.000000	0.000000	0.000000
224	971934271719.891968	16628071346.213402	-1.000000	1224949169.413340	18568744461.439999	0.031210	0.025000	0.639000	0.036000	0.895487	0.065968	0.000000	0.000000	0.000000	0.000000
225	415590430319.959534	9928717010.783241	-1.000000	649845025.750411	18568744461.439999	0.011093	0.019000	0.502000	0.047000	0.534701	0.034997	0.000000	0.000000	0.000000	0.000000
226	973649084999.919312	17257125381.426067	-1.000000	317668429.768361	18568744461.439999	0.030302	0.024000	0.614000	0.042000	0.929364	0.017108	0.000000	0.000000	0.000000	0.000000
227	2693103537418.872070	32445332841.391773	-1.000000	2096262360.718641	18568744461.439999	0.047178	0.021000	0.542000	0.038000	1.747309	0.112892	0.000000	0.000000	0.000000	0.000000
228	383651092439.955139	8422672395.106962	-1.000000	1532431118.011078	18568744461.439999	0.013110	0.024000	0.610000	0.051000	0.453594	0.082527	0.000000	0.000000	0.000000	0.000000
229	933521727600.144287	13012766392.498816	-1.000000	896701825.495517	18568744461.439999	0.031900	0.025000	0.586000	0.039000	0.700789	0.048291	0.000000	0.000000	0.000000	0.000000
230	535407036959.932678	10672561916.328615	-1.000000	881297132.572830	18568744461.439999	0.024317	0.043000	1.078000	0.038000	0.574759	0.047461	0.000000	0.000000	0.000000	0.000000
231	423596457899.933716	8844174387.936098	-1.000000	1085642238.550411	18568744461.439999	0.014475	0.023000	0.658000	0.046000	0.476294	0.058466	0.000000	0.000000	0.000000	0.000000
232	2779781698639.324707	34263667477.492622	-1.000000	988090401.294764	18568744461.439999	0.045728	0.043000	1.001000	0.035000	1.845233	0.053213	0.000000	0.000000	0.000000	0.000000
233	321983741039.980957	8144955573.186045	-1.000000	1433403260.873351	18568744461.439999	0.012065	0.023000	0.477000	0.040000	0.438638	0.077194	0.000000	0.000000	0.000000	0.000000
234	289613672479.934448	8030755133.343140	-1.000000	823323837.761491	18568744461.439999	0.016013	0.022000	0.472000	0.037000	0.432488	0.044339	0.000000	0.000000	0.000000	0.000000
235	1330878128579.787598	15427989766.027882	-1.000000	2533938661.661283	18568744461.439999	0.045478	0.026000	0.644000	0.081000	0.830858	0.136463	0.000000	0.000000	0.000000	0.000000
236	798593256559.961670	11150698648.670202	-1.000000	2538327398.466061	18568744461.439999	0.042782	0.032000	0.607000	0.047000	0.600509	0.136699	0.000000	0.000000	0.000000	0.000000
237	227820271140.014130	6507982754.229753	-1.000000	1110597237.840889	18568744461.439999	0.007785	0.033000	0.853000	0.086000	0.350480	0.059810	0.000000	0.000000	0.000000	0.000000
238	399471657800.004333	11916323935.368765	-1.000000	1820767537.077405	18568744461.439999	0.007233	0.027000	0.570000	0.054000	0.641741	0.098056	0.000000	0.000000	0.000000	0.000000
239	588108933719.907837	10391250593.474752	-1.000000	1951441901.256801	18568744461.439999	0.020097	0.027000	0.633000	0.039000	0.559610	0.105093	0.000000	0.000000	0.000000	0.000000
240	351100941519.971924	9130688267.518007	-1.000000	0.000000	18568744461.439999	0.009378	0.026000	0.777000	0.083000	0.491724	0.000000	0.000000	0.000000	0.000000	0.000000
241	526118018579.878540	9838965464.003490	-1.000000	3083152362.400483	18568744461.439999	0.017978	0.039000	0.829000	0.054000	0.529867	0.166040	0.000000	0.000000	0.000000	0.000000
242	957453776719.963501	16939653693.243742	-1.000000	2639141310.692889	18568744461.439999	0.032723	0.047000	1.125000	0.046000	0.912267	0.142128	0.000000	0.000000	0.000000	0.000000
243	1047700116540.222412	13757799970.751322	-1.000000	1655757165.248000	18568744461.439999	0.035802	0.027000	0.859000	0.056000	0.740912	0.089169	0.000000	0.000000	0.000000	0.000000
244	3357320296318.641602	38061243460.122391	-1.000000	2704839924.671141	18568744461.439999	0.047453	0.025000	0.701000	0.059000	2.049748	0.145666	0.000000	0.000000	0.000000	0.000000
245	872603825940.102539	12594542521.268274	-1.000000	1541429383.000824	18568744461.439999	0.029818	0.042000	0.753000	0.036000	0.678266	0.083012	0.000000	0.000000	0.000000	0.000000
246	232453738440.014465	6573305614.799407	-1.000000	1555842309.126173	18568744461.439999	0.007943	0.020000	0.551000	0.043000	0.353998	0.083788	0.000000	0.000000	0.000000	0.000000
247	580744159379.902832	10327307720.743942	-1.000000	1514442882.973360	18568744461.439999	0.019845	0.025000	0.608000	0.041000	0.556166	0.081559	0.000000	0.000000	0.000000	0.000000
248	2435928608699.021484	30920033723.151340	-1.000000	1146466424.705502	18568744461.439999	0.042683	0.023000	0.593000	0.045000	1.665166	0.061742	0.000000	0.000000	0.000000	0.000000
249	1008583897860.195557	13507884322.134962	-1.000000	2165195889.213667	18568744461.439999	0.034465	0.026000	0.578000	0.046000	0.727453	0.116604	0.000000	0.000000	0.000000	0.000000
250	1795054359920.601074	26189540507.390999	-1.000000	2176805598.272679	18568744461.439999	0.044580	0.028000	0.507000	0.047000	1.410410	0.117230	0.000000	0.000000	0.000000	0.000000
251	459591182819.914307	9206526291.843836	-1.000000	1720419608.128914	18568744461.439999	0.015705	0.026000	0.585000	0.037000	0.495808	0.092651	0.000000	0.000000	0.000000	0.000000
252	778812693120.038330	11918086058.326693	-1.000000	2056711291.758181	18568744461.439999	0.026613	0.024000	0.578000	0.035000	0.641836	0.110762	0.000000	0.000000	0.000000	0.000000
253	998926776540.188965	13445357335.046280	-1.000000	1331301020.425664	18568744461.439999	0.034135	0.030000	0.611000	0.038000	0.724085	0.071696	0.000000	0.000000	0.000000	0.000000
254	309222975599.995178	7571404733.041205	-1.000000	2487756673.174774	18568744461.439999	0.010567	0.024000	0.552000	0.035000	0.407750	0.133975	0.000000	0.000000	0.000000	0.000000
255	1880415382319.358154	28795250692.572891	-1.000000	2322496151.106396	18568744461.439999	0.026578	0.019000	0.507000	0.039000	1.550738	0.125076	0.000000	0.000000	0.000000	0.000000
256	90591637120.006393	2656054620.442139	-1.000000	862801246.248652	18568744461.439999	0.007393	0.019000	0.133000	0.041000	0.143039	0.046465	0.000000	0.000000	0.000000	0.000000
257	1203043204440.012695	14701860963.829067	-1.000000	1717603436.574362	18568744461.439999	0.041110	0.031000	0.576000	0.035000	0.791753	0.092500	0.000000	0.000000	0.000000	0.000000
258	1473666511599.929443	21262025666.376202	-1.000000	2316077535.406559	18568744461.439999	0.042653	0.025000	0.613000	0.075000	1.145044	0.124730	0.000000	0.000000	0.000000	0.000000
259	1204360084620.010254	14709560102.153744	-1.000000	960721167.947089	18568744461.439999	0.041155	0.039000	0.739000	0.045000	0.792168	0.051739	0.000000	0.000000	0.000000	0.000000
260	2842279885100.075684	32926942465.613968	-1.000000	766519546.197783	18568744461.439999	0.049265	0.025000	0.666000	0.052000	1.773245	0.041280	0.000000	0.000000	0.000000	0.000000
261	938057648220.147339	13043297878.822975	-1.000000	1436848504.752983	18568744461.439999	0.032055	0.031000	0.663000	0.036000	0.702433	0.077380	0.000000	0.000000	0.000000	0.000000
262	434424139379.927856	8954814052.390385	-1.000000	1118826351.891919	18568744461.439999	0.014845	0.025000	0.584000	0.043000	0.482252	0.060253	0.000000	0.000000	0.000000	0.000000
263	1372364874639.807617	18382887560.654411	-1.000000	2133228887.361749	18568744461.439999	0.039722	0.024000	0.514000	0.041000	0.989991	0.114883	0.000000	0.000000	0.000000	0.000000
264	840706061580.080688	12369147218.370537	-1.000000	1282410696.487957	18568744461.439999	0.028728	0.027000	0.455000	0.039000	0.666127	0.069063	0.000000	0.000000	0.000000	0.000000
265	387290971460.009399	12596527701.097939	-1.000000	1492801917.798437	18568744461.439999	0.008537	0.019000	0.455000	0.040000	0.678373	0.080393	0.000000	0.000000	0.000000	0.000000
266	1396380724199.672363	15784554031.588293	-1.000000	1209039935.149665	18568744461.439999	0.047717	0.028000	0.654000	0.043000	0.850060	0.065112	0.000000	0.000000	0.000000	0.000000
267	420231097439.935486	8809485972.508633	-1.000000	2273221970.491618	18568744461.439999	0.014360	0.019000	0.503000	0.044000	0.474426	0.122422	0.000000	0.000000	0.000000	0.000000
268	185680105380.011047	5879600466.322795	-1.000000	3125686010.916157	18568744461.439999	0.006345	0.025000	0.534000	0.048000	0.316640	0.168330	0.000000	0.000000	0.000000	0.000000
269	2259988788959.174316	31480889310.696655	-1.000000	326847484.077470	18568744461.439999	0.031943	0.026000	0.599000	0.034000	1.695370	0.017602	0.000000	0.000000	0.000000	0.000000
270	406347610480.007263	11584463648.158094	-1.000000	490557724.941766	18568744461.439999	0.008618	0.019000	0.474000	0.039000	0.623869	0.026418	0.000000	0.000000	0.000000	0.000000
271	1904706193679.346191	28975528106.760292	-1.000000	2445678387.156701	18568744461.439999	0.026922	0.022000	0.485000	0.036000	1.560446	0.131709	0.000000	0.000000	0.000000	0.000000
272	504560202299.890137	9638893397.822891	-1.000000	1361799300.366080	18568744461.439999	0.017242	0.025000	0.533000	0.040000	0.519092	0.073338	0.000000	0.000000	0.000000	0.000000
273	554342607280.018311	14322434896.020027	-1.000000	0.000000	18568744461.439999	0.009657	0.026000	0.689000	0.040000	0.771320	0.000000	0.000000	0.000000	0.000000	0.000000
274	255578708079.942871	8979033066.075325	-1.000000	1741954681.354893	18568744461.439999	0.009870	0.022000	0.459000	0.041000	0.483556	0.093811	0.000000	0.000000	0.000000	0.000000
275	1046037803759.762817	21606412550.134270	-1.000000	1848833048.317334	18568744461.439999	0.014785	0.021000	0.487000	0.038000	1.163590	0.099567	0.000000	0.000000	0.000000	0.000000
276	1302076335879.820068	19842208896.433567	-1.000000	1147776306.834113	18568744461.439999	0.038983	0.026000	0.672000	0.036000	1.068581	0.061812	0.000000	0.000000	0.000000	0.000000
277	826171606260.070801	12264894400.933699	-1.000000	1714943976.506636	18568744461.439999	0.028232	0.027000	0.594000	0.038000	0.660513	0.092356	0.000000	0.000000	0.000000	0.000000
278	463264527520.011475	13049620997.462385	-1.000000	3792751926.284381	18568744461.439999	0.008290	0.028000	0.790000	0.040000	0.702773	0.204255	0.000000	0.000000	0.000000	0.000000
279	702674165999.953125	15521641913.569437	-1.000000	611473103.740209	18568744461.439999	0.014308	0.019000	0.516000	0.041000	0.835902	0.032930	0.000000	0.000000	0.000000	0.000000
280	457250062499.915588	9183420879.737679	-1.000000	1736105345.832812	18568744461.439999	0.015625	0.024000	0.544000	0.042000	0.494563	0.093496	0.000000	0.000000	0.000000	0.000000
281	435881816519.972351	10486219975.333487	-1.000000	0.000000	18568744461.439999	0.011077	0.022000	0.550000	0.038000	0.564724	0.000000	0.000000	0.000000	0.000000	0.000000
282	1196702670240.023926	14664723855.410091	-1.000000	1289461513.684968	18568744461.439999	0.040893	0.024000	0.630000	0.039000	0.789753	0.069443	0.000000	0.000000	0.000000	0.000000
283	1074915640260.238159	13928621561.699848	-1.000000	2527749899.002398	18568744461.439999	0.036732	0.030000	0.592000	0.036000	0.750111	0.136129	0.000000	0.000000	0.000000	0.000000
284	889918361640.114380	12715002685.125246	-1.000000	675962878.710803	18568744461.439999	0.030410	0.027000	0.607000	0.048000	0.684753	0.036403	0.000000	0.000000	0.000000	0.000000
285	920157832440.135132	12922334809.674984	-1.000000	2397450826.538687	18568744461.439999	0.031443	0.032000	0.593000	0.042000	0.695919	0.129112	0.000000	0.000000	0.000000	0.000000
286	641320647659.944336	10841096802.156969	-1.000000	776588213.143401	18568744461.439999	0.021915	0.026000	0.592000	0.041000	0.583836	0.041822	0.000000	0.000000	0.000000	0.000000
287	1356581678759.742432	15569091269.332615	-1.000000	2049514242.329347	18568744461.439999	0.046357	0.023000	0.511000	0.035000	0.838457	0.110374	0.000000	0.000000	0.000000	0.000000
288	1252498067759.893311	19684652725.326717	-1.000000	1630654792.539599	18568744461.439999	0.026898	0.021000	0.460000	0.045000	1.060096	0.087817	0.000000	0.000000	0.000000	0.000000
289	784763040600.042480	11962278572.417377	-1.000000	1011595856.489072	18568744461.439999	0.026817	0.029000	0.518000	0.036000	0.644216	0.054478	0.000000	0.000000	0.000000	0.000000
290	1649212222960.334961	25552586750.010071	-1.000000	1347590762.947927	18568744461.439999	0.037133	0.027000	0.576000	0.040000	1.376107	0.072573	0.000000	0.000000	0.000000	0.000000
291	2692369316158.963867	34220972607.721210	-1.000000	886454945.698530	18568744461.439999	0.038215	0.024000	0.584000	0.047000	1.842934	0.047739	0.000000	0.000000	0.000000	0.000000
292	175388930640.010284	5715352964.532712	-1.000000	1106477191.401605	18568744461.439999	0.005993	0.022000	0.625000	0.045000	0.307794	0.059588	0.000000	0.000000	0.000000	0.000000
293	1283796691119.680664	23834069963.986420	-1.000000	1826929381.451901	18568744461.439999	0.018673	0.020000	0.525000	0.047000	1.283559	0.098387	0.000000	0.000000	0.000000	0.000000
294	2647462605118.985840	33976355488.817036	-1.000000	800602887.894761	18568744461.439999	0.037420	0.025000	0.634000	0.038000	1.829761	0.043116	0.000000	0.000000	0.000000	0.000000
295	207579335040.012665	6214319654.111519	-1.000000	1579141574.005990	18568744461.439999	0.007093	0.022000	0.532000	0.044000	0.334666	0.085043	0.000000	0.000000	0.000000	0.000000
296	300071054719.946716	6196646243.974091	-1.000000	1184264554.529051	18568744461.439999	0.019257	0.045000	1.043000	0.039000	0.333714	0.063777	0.000000	0.000000	0.000000	0.000000
297	562291367999.945801	14018601846.300779	-1.000000	1835152472.080006	18568744461.439999	0.010228	0.015000	0.418000	0.044000	0.754957	0.098830	0.000000	0.000000	0.000000	0.000000
298	2999443536718.815430	36070902102.149101	-1.000000	1405803446.044786	18568744461.439999	0.042395	0.021000	0.519000	0.043000	1.942560	0.075708	0.000000	0.000000	0.000000	0.000000
299	1258108305299.915771	15019800979.247604	-1.000000	1246239451.306873	18568744461.439999	0.042992	0.028000	0.583000	0.038000	0.808875	0.067115	0.000000	0.000000	0.000000	0.000000
